48.604633 848
29.862605 1152
85.979986 531
76.409496 533
17.658032 889
74.425378 1188
50.627581 922
43.284806 965
75.378104 198
33.876959 526
13.325369 1220
59.467510 96
51.923353 373
73.906701 990
78.281062 486
72.378830 851
73.716511 527
5.746274 321
27.271710 525
26.222505 631
65.070531 653
60.007542 209
30.644276 779
58.938042 1146
57.443259 361
84.301442 814
8.741069 734
54.206108 147
80.315256 492
51.096355 918
58.721390 518
54.660346 162
1.856194 1065
23.118410 616
54.009927 304
32.885915 518
39.341509 729
88.295357 470
56.314131 62
9.255530 928
28.476161 597
30.812876 992
24.969908 904
81.387930 901
32.673654 25
86.759541 594
17.011521 1054
39.784140 381
84.821886 125
92.038885 1187
65.045062 962
14.388235 153
84.430499 1118
83.172069 838
90.755427 995
61.148247 898
1.907166 1050
43.807660 899
56.900206 469
15.507492 1207
62.583802 1190
30.351315 840
2.730896 937
87.775834 593
43.047768 809
6.304664 1092
29.262943 192
44.499368 1136
81.541341 320
40.761098 237
46.527148 612
1.530688 1014
18.438066 37
25.047391 572
85.560785 110
22.750019 1032
33.958380 1056
45.912103 1125
20.448812 510
3.647684 601
82.225655 166
14.083080 98
42.467343 995
22.093547 151
43.661655 706
6.161698 275
14.085916 523
74.292612 260
17.082529 317
8.314477 1160
69.544337 797
25.947789 703
27.961135 267
70.864113 808
1.708726 1073
14.746159 653
65.529897 298
60.231320 528
47.481717 449
19.176466 825
0.0 9230