5000
78042 67747 13114
86000 61725 43835
64628 3085 6501
156 91128 72
75874 59282 3626
94908 9900 33877
30332 59686 11345
6496 89546 405
83024 48280 38817
77142 39824 48451
45272 20830 39783
85718 90534 57609
74868 76626 44524
94760 29666 2304
34360 24855 24237
94310 54448 79623
75084 56109 8424
52766 20739 24706
39710 60838 11706
6030 6446 3054
91842 56721 26
7770 47775 5088
41826 32770 34229
33618 35240 13874
69442 20885 37841
82766 71647 64071
76598 7933 6771
57818 82266 6411
90154 45965 8835
86116 10986 45810
30298 15378 19699
86866 12904 10629
45342 71390 10095
59058 33798 18255
53834 63833 46832
41714 55192 13673
11176 39685 3456
8130 67639 7648
3264 28418 392
43466 65490 14893
76644 42637 13587
90600 6627 57926
89150 93561 28112
1588 42145 1206
67112 30672 29204
43882 31648 40056
3344 97601 918
30128 6883 5010
85794 62809 47772
31850 96318 21792
4548 45575 2948
49616 54086 35860
54866 34551 25012
16600 73614 13854
25694 53735 20483
50066 22106 35653
96738 60751 24099
50012 26239 12934
65838 12929 28607
71692 605 62956
29112 24440 359
93014 77710 24505
71246 70873 13606
94352 81256 33382
60422 92725 28673
27936 48692 18916
58734 76838 9095
9370 82374 1011
65174 22350 47758
58702 22927 41586
17598 12779 14132
72510 96424 65420
64040 10535 19174
74756 11640 8573
88920 95372 50377
86186 36718 66902
45792 44004 16636
78072 26174 50552
23876 35079 18691
30042 75021 14934
16988 3430 13223
8136 70646 1474
6306 92629 2827
71224 94320 14892
16406 14369 1028
35738 12054 18070
90272 83920 35836
27686 23541 3253
55596 57973 6839
64994 50767 3795
96608 52350 25316
52678 2959 48387
60778 27842 3411
25202 54879 669
60512 39818 32591
26182 42663 4940
26472 25477 7722
4960 27186 4724
54088 38229 15515
78294 11565 45089
20244 54360 10509
66762 30998 3826
36526 33826 18476
84060 10969 56897
10094 71585 3584
35586 65407 8607
60604 89224 56064
68446 21566 49004
71978 39168 19829
14040 23159 12831
91148 97418 18158
94076 48586 40384
59166 9905 29662
71662 34595 22758
44310 92381 7890
43606 83214 29159
11894 24239 329
33758 78618 25667
56380 6313 20523
75494 22346 1278
31608 43409 25066
94244 64188 59354
90896 81399 38217
96248 27496 63940
86920 5081 3868
6706 46395 6422
56830 29248 29544
60878 87077 54266
66390 89614 8732
45204 72707 19248
53928 88108 27692
19658 96859 1049
55548 89358 25093
1948 62634 477
85570 69703 14033
64234 68874 20521
96546 68998 2212
92382 53357 22421
47308 48391 45073
76780 53669 10770
60880 24662 19416
84156 46721 3690
1566 6808 946
45068 99625 39150
6916 12174 5774
37600 49031 6993
80836 30507 64976
2800 49709 6
78244 59188 68011
31338 30086 10131
34000 70576 31026
82646 21194 21878
8246 75263 8158
95948 40107 9787
24166 50202 9084
30914 13263 6883
85458 12474 14806
56020 85173 42967
45694 80743 17957
294 81902 183
35750 66727 21856
41394 94377 17083
92678 41425 69583
5728 94860 3032
92388 5513 90065
58276 14900 24735
90608 77314 15512
38030 91310 17742
96942 48680 25530
78972 16214 762
17064 55582 5717
62906 82037 28892
32530 39594 3234
46624 75295 38278
9362 91567 4150
25498 48677 1090
83904 81213 49067
59656 12280 5525
10362 35192 4687
84560 29848 41652
36494 24855 1897
50150 43399 10304
64364 21182 2096
72094 34970 1852
45530 48971 6338
1012 11284 539
94252 12597 8350
99202 29871 94133
37750 5570 16177
1110 45905 870
40940 34719 4297
78582 15864 67358
7682 80935 5628
21392 70259 9496
64220 47986 13718
88502 44550 37356
43604 53709 20
29332 98479 369
49520 57667 31613
24372 27326 18331
24044 48830 4856
32084 91657 7511
40638 63983 37025
79474 50433 27600
49682 22072 12146
11248 7026 9418
76684 85750 6982
31892 48338 7914
18476 31350 2676
37220 65184 32532
60324 36138 19442
22480 6947 3346
97908 24991 54702
76130 98490 70452
57368 73140 45428
28970 40631 20395
52836 28535 30688
68580 7976 21812
3228 70063 1468
61340 80484 45149
36418 96261 14892
94476 32836 90609
81376 48452 4891
25470 44211 18372
47586 54280 29661
78414 13543 27678
96474 15159 77350
25088 43362 19136
83854 93720 3349
41332 26067 2721
66302 58494 24988
56686 4777 17379
13956 64898 11748
58098 98293 13510
30506 54559 6049
11322 21435 7067
14242 86334 4739
54368 39139 50486
78840 46157 6063
71062 47757 25803
71362 8781 57250
30348 26894 239
44890 52979 22609
80758 49219 5830
97186 54048 66043
29278 55475 17299
35862 67637 795
10604 77297 3844
57306 56151 30464
90424 65712 63552
35444 22748 13745
43814 88912 38509
29758 11901 19321
7602 38534 2078
74486 31133 72064
44666 69552 25170
92184 83735 5568
17782 61793 3166
1086 10951 1082
81670 33934 4836
46256 61737 5065
1010 66388 310
65564 282 31074
98752 3558 9647
79984 37726 36797
25546 89896 8957
7988 33507 3709
50368 65824 29158
97518 79347 11597
96994 91306 88747
75002 80786 16182
436 91126 274
82710 94290 3018
55344 61174 18809
30102 10885 14663
61710 23393 49847
60154 28143 43930
97448 45206 62612
41158 47979 19884
29496 37287 20073
61050 76017 31858
77924 23980 17715
56164 73893 19719
74162 95849 57995
89908 45608 8148
56440 48530 48191
98626 46882 88573
39616 30743 32380
18980 83149 2533
79936 22984 22766
44292 73145 37215
71346 66167 18674
23296 31963 5004
4074 69307 646
94570 72501 16418
14666 11614 7036
90630 68330 16450
36094 38070 10020
2538 37535 1917
7570 38799 3174
90616 46785 14769
33712 96495 23864
32930 82807 13546
83624 53393 59301
52438 84897 30372
14840 52705 4627
2748 14817 1923
17220 19916 15454
77702 72557 75317
15864 8300 4432
60808 42327 32965
77514 98749 2832
42374 99371 4384
94212 90259 49290
15220 45783 12054
97152 3718 44055
27838 89217 12705
42430 3722 8070
32748 39763 11243
15862 41942 6090
95818 76522 59369
38868 58135 17749
23684 59102 15678
54878 67382 4282
88264 46434 12019
5420 73058 3545
13284 89864 3687
65684 61118 7701
81730 38674 73079
70888 86572 4661
15194 49357 5924
63602 99419 11172
40460 52579 9919
11984 55289 11366
50374 83439 41118
67322 90898 12464
81650 46249 4367
80418 45758 13557
18108 93207 3480
50858 27402 6020
28702 39323 28395
56116 25096 4578
57628 76798 53630
36006 83627 23927
88456 67219 48042
63816 83960 5884
43676 75858 22613
52998 90450 4695
61284 68646 57208
82032 61332 23495
53248 65563 5977
89532 17874 27215
50968 85469 21931
40212 60653 10705
80262 35060 17881
49926 40930 49516
40042 73522 15951
71558 39629 56959
11874 94722 7800
29728 78769 10502
8678 65169 366
63884 73509 2824
96890 1268 30349
35948 6051 30396
19472 65245 12039
43954 42016 12159
3706 79929 1231
49222 81622 1895
12818 87595 7482
88002 30963 19427
36504 49753 13819
7280 10787 108
76728 69940 76388
83450 67473 51155
13140 48202 8907
84538 91499 46311
81392 90358 43553
65880 50969 5658
53524 48480 5644
97302 97431 42395
62438 81744 23333
45554 16456 2455
63770 39332 37458
44692 10834 11766
11638 38521 2041
7882 2999 101
54206 10362 33228
84220 14640 37948
66974 38492 66282
10438 27923 2371
88176 58090 77204
72138 68407 28859
58334 94658 47283
7430 35565 3722
99848 93628 93387
86566 24985 11408
78532 21154 71129
82178 47752 69401
13344 36177 2447
51566 83669 15381
25990 32939 11384
48690 34005 23937
44784 10779 29548
11064 79044 7304
75036 95204 7482
13758 56091 2417
80708 17737 29064
82254 97297 22955
56374 2655 2089
20600 65244 16979
46800 68695 25169
10220 61290 3459
7726 81834 5659
84714 68466 4745
31740 10784 4279
12990 39364 4636
74162 31004 38629
49072 79120 40946
95864 8105 74732
99740 37184 96714
65318 33613 13655
14318 38447 10070
59066 91173 47204
69940 58504 12122
53174 39979 51656
93248 34851 22513
12822 40451 7189
16612 57186 6977
51734 85425 8648
78320 26751 5268
67926 23327 25265
20132 38567 14139
72814 13007 11696
26270 22073 24775
56624 30329 3102
69990 67853 10053
21678 36376 16582
76668 35366 11105
41650 45835 2582
99740 7792 3464
54828 22784 15770
34924 44752 10350
19796 81062 4372
7292 54527 5634
24098 37540 14154
13392 72381 2890
4328 53036 3281
18728 61546 17053
17504 22784 15005
93306 64985 42791
66650 23315 22309
64612 26990 28782
61198 82476 44540
94846 47627 36474
29144 1235 25370
53634 7003 40895
62080 470 37020
77066 14162 46248
70824 59309 42763
5976 18207 1705
53374 69926 1189
20140 6825 2342
95376 25685 1976
20366 42538 2296
81368 2685 14769
93758 47963 37698
37838 57927 14757
13150 26708 5293
51480 53927 15444
60158 41743 5356
62724 32192 58639
45038 96556 13360
10286 78068 3738
63876 90477 49405
65028 23246 17109
63734 12300 44909
66114 43278 28522
78192 28628 25757
33282 88258 15305
54878 52706 37116
24012 68803 21096
46836 46543 2208
43104 2207 23525
35364 14108 2518
84172 46465 29663
10436 91425 3907
84584 97905 9507
88350 80864 38833
83598 159 66476
89730 83032 55299
8498 12443 539
67742 5657 35457
96542 73909 72107
62580 11707 57961
58778 61587 5134
1480 40281 426
2106 40641 938
51764 28425 3749
82264 27370 58221
9260 12214 2357
7894 55889 2657
50112 21290 35653
50400 69564 24905
88782 15593 49009
49664 50315 39140
48516 10303 27948
12656 90617 1484
80874 54329 8235
83128 33423 74472
88428 31302 6442
13104 96866 11818
91156 59847 895
63290 96261 12702
19310 20996 1855
39834 37099 3987
81042 12882 8882
36122 88706 18921
94612 50705 49968
20754 27786 16099
45626 85700 17118
1062 90745 106
10818 27575 2919
70782 28812 5462
74092 78239 68588
5762 25009 3394
29534 20328 21424
27074 44185 17802
41964 70237 31389
12912 77651 7687
76150 18459 7264
42972 6443 9096
40118 46302 224
68492 38098 29103
80916 81178 48003
14994 13698 5570
41832 96924 31102
13272 43655 6586
80036 16875 762
37668 88473 16442
72906 31549 72294
53738 23377 33024
49410 14233 13713
84550 2826 40958
93298 13424 90968
23074 29476 7557
89030 41077 43394
93938 37403 34230
1990 35531 437
1920 2668 773
62118 32662 33932
53504 35201 25753
3100 99780 1580
56060 91652 16376
24454 29631 8286
25748 4574 1279
56182 90434 18623
64528 62085 62268
24502 41264 15655
91488 14917 59564
4920 51880 2606
62788 97018 12602
99586 62974 79549
67792 99358 38804
81938 83239 65022
32250 12005 10038
26864 88825 6604
90306 66186 86179
32218 12135 23409
74988 36054 41935
52022 10581 50106
63940 73859 48323
70906 60260 36768
88252 45322 54891
6190 70682 3527
98950 37469 54177
94934 90920 331
43714 56206 40297
79000 33326 23330
12184 56099 7911
73786 30863 23037
75794 75350 61974
59360 21322 8673
63672 40704 22225
97734 8383 5856
95304 97468 53229
39940 92999 23011
33634 35474 15304
32790 55145 13821
626 64726 90
80946 6723 53755
98312 98024 5363
31326 79634 20729
26450 70328 17377
99324 54256 17489
30100 57604 29739
86946 51725 45236
98032 46417 77263
24346 39582 4288
64962 72910 23029
17870 63261 1702
23564 28715 3201
82654 86419 31787
81850 5251 21795
43120 89865 22401
67566 83979 5995
84264 33301 59859
76442 35234 9865
50216 63412 3460
33182 38050 6985
14220 9438 543
71136 70230 14705
80646 84404 25647
88284 79166 27711
97882 55350 54269
74324 67614 63414
16206 87185 2258
64024 32627 11581
17534 45870 11049
34764 28420 16718
48554 88848 13584
55194 54814 5100
50674 64387 19424
17612 94039 6076
36254 3700 7542
87780 75168 2464
2380 85426 131
30120 77439 5492
23988 26404 16756
50740 73996 25180
82784 58755 11918
19872 35446 4194
46070 90720 30573
12958 82928 5910
63904 69266 14331
19672 64212 601
15412 59804 10626
63538 49447 27383
41208 18205 4535
20250 33421 9525
88322 47930 51944
32310 2971 4399
71334 61564 8758
72014 46504 22471
22558 67069 10111
63284 83048 3829
35400 77329 33765
12174 6133 2978
10184 60254 4451
78622 34042 75552
77374 73995 14628
85350 22020 84179
16026 38123 9537
32814 90595 29670
34906 70172 1076
78638 97287 27644
31358 46232 5675
9192 10895 3009
49038 98627 973
46824 37189 1183
98736 91816 48258
87204 10899 5633
65038 21995 29667
57398 7030 20036
89288 53083 12074
14716 47139 4443
17934 1332 9968
67396 16113 37908
84600 93140 11053
95212 62691 50604
76720 7685 42816
25098 70175 16861
64742 55634 40
47946 37723 43410
91202 97206 50308
35694 85873 17005
12196 97091 6431
82094 69914 2739
29296 86562 21211
14662 69909 992
80002 89716 12350
62856 67308 52919
75768 43901 28864
35016 18993 14477
2614 31162 1066
278 75863 60
47072 5491 44480
81472 28438 67048
28916 4300 18365
61484 36632 5371
82262 35441 11940
25468 60506 21277
66962 78487 9366
75736 59553 57126
36126 78569 32988
80856 87959 10885
80640 62502 6886
12280 2647 3309
41268 82413 17603
3802 69471 777
10214 58935 9634
48794 87902 982
7148 70593 3441
82946 37469 22289
50250 71404 42369
2816 56355 516
41498 46663 12203
98230 72117 7554
67580 84793 26155
39094 48603 35835
88774 90710 87929
18444 31464 6840
96910 53797 9020
13996 7450 8189
87226 34504 34504
74382 69026 11838
24104 79857 937
49060 68402 32226
48718 60079 27945
86360 57590 11564
59248 62778 22648
52226 63591 19163
42774 35529 19474
1646 93745 872
19840 42257 2539
64082 99907 33483
91900 92392 10712
24992 68476 8377
73556 76114 8326
61404 62759 29345
53078 55615 13852
69750 20400 16611
88764 91401 39887
21498 68811 3913
40798 11631 23526
22168 38932 17000
83050 5105 48288
49802 28885 44240
54464 55377 43266
87160 36579 12624
87182 74279 9971
88968 24979 35484
43840 41472 19867
58690 93944 25529
15504 10648 515
7566 68636 7471
70896 77186 10678
65030 97532 2495
21954 26186 13341
16360 82130 2338
44956 22721 7125
91256 50582 70971
92962 25674 3979
14854 28984 14669
63670 59036 15848
10864 47918 5080
25192 583 2408
35286 83430 22337
44236 92601 29917
61828 42794 2089
33764 17831 24428
52330 83836 45380
73514 43068 9504
46596 83909 10449
5114 47095 1314
76720 29356 1619
29990 23126 18365
91456 25445 57450
21298 26820 12768
73218 89632 30125
91946 491 14918
90634 63041 63872
79648 38600 2211
5748 81350 4846
92136 73805 64571
77116 29613 22771
96694 13444 4697
40856 32443 15717
31830 2171 1178
38000 24796 23369
55058 91827 32338
75280 90967 68734
7348 28473 1429
77588 26406 19143
70172 82675 68868
51474 38800 4169
46400 11038 29492
828 65406 159
71910 27469 45176
9950 86277 8057
55234 22329 50760
38534 32308 24703
17544 11299 17278
30624 72945 6679
38604 39451 3399
17318 45630 14994
54894 6 17420
14640 79245 11922
98584 56714 87968
32600 70914 3060
72630 67150 62975
25980 37546 10153
43232 88658 39845
86670 36796 4269
35118 910 10735
80072 54539 23111
22164 29296 5100
64062 10260 23097
88332 83120 85644
33434 7235 2867
92882 23330 54842
73566 37511 24281
11454 83868 3763
6412 55829 3248
38084 38203 6556
37216 76035 22926
80226 9381 27763
22608 38823 437
68628 9749 63301
90274 56938 15803
58546 28437 25507
26140 14379 1706
77790 48725 56732
40902 67153 10239
44496 77568 13461
5198 29757 3972
79440 56849 11802
46080 9709 16369
93754 17856 19427
3544 12217 787
11344 51240 10169
64574 38760 49770
18014 54641 7000
11540 32119 5990
56362 97907 36959
86670 33230 83041
59926 1548 22393
84126 14665 48977
34850 75844 25696
66826 95980 19773
72894 82123 11221
77184 54987 60870
66806 47163 38963
52446 40868 34202
16608 82855 5025
76876 67352 31913
49358 80725 37566
35404 18043 8196
70896 70836 54678
46442 13235 2016
80758 1793 59489
17660 87157 13023
85986 58764 38162
15802 68048 3786
6414 82564 4783
73626 43335 56400
23852 79266 15537
47322 5222 6549
29896 16718 3525
40976 57651 4945
27402 25985 5144
5904 73176 4995
82360 14230 69818
60586 5830 24628
49940 27591 17512
57080 45991 3660
67660 57193 47011
43064 98647 15227
63440 11549 26040
53134 55106 40642
19962 42349 7913
22858 85044 18729
78010 97029 43063
28776 6253 10729
70668 19040 18597
65052 74037 30298
81842 86690 3849
36230 3014 23094
64818 52565 37766
72150 86597 33256
37296 65046 22292
99020 56206 88283
76896 36820 197
22118 31052 15466
16082 67481 12661
89340 44686 4106
22314 83128 8343
65134 67063 34905
51402 33611 3765
36576 26206 26341
13746 14497 10822
81178 1256 12755
75706 50379 49185
37624 72978 2974
51976 28084 47965
12188 81157 11269
26404 60113 12648
18250 80388 11386
66948 94225 906
6114 74251 2798
83452 75789 45489
39690 72032 27948
17032 64440 12789
93208 61572 52990
61260 55286 54659
28388 25057 21474
27486 56770 21033
88172 74351 25283
31172 57952 14800
99398 83056 54210
66144 9410 30493
5942 85872 1323
31014 22949 26
97118 90508 13673
89322 209 47760
93288 26569 36361
26780 88275 3145
27646 67057 20496
87854 38250 10414
97708 56743 31151
48116 71736 20021
60072 6850 50702
53024 82575 1769
28306 79256 6407
93142 67084 87164
19198 15872 15384
96362 92602 21427
3592 74428 640
68966 28793 51882
51226 23238 44819
38990 85840 18344
82250 59954 3839
36414 82616 20875
90190 84795 86063
38720 98443 13340
99044 24627 30571
86104 52884 68068
62974 7261 33540
7564 11842 6254
63080 13635 2776
18844 3194 3715
69170 2742 50484
89988 62456 68813
45532 58733 25857
82434 5523 11158
94290 8835 8226
44646 5487 15285
19728 61235 10652
34488 11155 15106
46708 44342 3946
85022 75805 10920
90892 86481 42842
10122 28475 3458
93056 24908 1444
22356 25373 1493
38728 24721 21694
2806 26238 1325
97128 90181 23088
68062 28058 25077
85878 12015 16959
58364 4929 9029
48396 68923 13844
39340 51755 32930
716 51102 116
1340 51031 489
41250 29164 38459
2840 50568 385
87632 59448 87078
50898 82878 16160
44286 80968 29440
13750 46020 3966
62114 11508 8547
94340 33530 28621
71036 38059 50800
4044 35306 669
69096 34435 57623
7380 54015 1560
10140 83731 5042
62128 57765 15723
88384 9517 79908
8674 7936 1538
6414 8266 4868
63740 55033 20201
82838 76464 77051
65614 66872 35857
79730 95950 4033
30386 4722 2855
70892 2185 17063
28336 1650 8255
86648 23270 35430
97408 41753 55759
18174 82068 346
13060 59612 10353
41652 73478 9169
6776 24708 1562
91616 3538 84123
45874 60516 35605
67274 8820 49621
12214 88411 702
30626 98275 6867
38726 45592 21808
94850 87202 49819
7152 52225 3678
14752 85117 3160
21112 1922 688
48316 79234 13115
81008 40562 35907
79990 21422 60166
71132 47746 31906
58494 88293 39215
78520 91881 74200
20704 53035 20648
95478 1023 8628
67662 28744 28861
70518 84971 7604
17966 32305 16602
5944 77017 437
18334 15161 2886
11378 64731 2052
32046 12473 3628
1474 6195 1312
36690 30402 22275
20388 18190 18037
76050 8027 45551
87810 56638 425
53586 51641 36823
33800 57809 16864
61992 42688 20386
35166 18257 10947
65216 55209 26327
33130 5398 21080
94912 10391 83932
69226 74246 56342
13684 96225 9661
88648 24815 80843
35626 11454 25904
61562 69351 14188
59194 76005 6170
31102 91800 24932
42604 76499 21409
77134 65097 61516
86264 74559 85098
30732 21171 16240
75830 26064 17018
81754 77737 1362
65464 8971 47970
48608 29018 14356
28760 83236 14412
92706 38653 91913
72398 12633 38021
30356 46263 23548
40812 94894 8906
87980 4947 6784
11438 3948 10007
23928 72123 16395
9764 31794 8834
93486 62696 69633
13888 45112 9769
25054 89856 12717
39746 90446 5745
58990 1535 38635
61994 73646 58708
17526 439 11913
51858 90287 31599
41734 41534 13976
48532 6600 32180
4920 51655 1416
79478 31469 34426
29140 59504 20386
86190 39171 6495
21716 21077 904
37702 83029 25192
82630 54266 56827
41644 83057 15762
21978 36737 3943
66298 71836 3570
78590 52410 3163
47180 8069 4062
79948 54612 257
86406 50395 12421
32738 52703 30466
36842 50617 33549
79750 89602 26979
51286 45723 38247
14846 89713 5899
35122 89984 28094
89962 84351 8243
69200 76553 9407
88636 8297 81524
36426 51781 8348
5062 80420 2881
64396 49911 20903
31554 37536 30408
26538 44572 2894
81484 87468 21218
40404 5032 28845
40928 69908 4832
20170 6809 140
6940 39249 1364
26426 45482 8993
56390 43953 765
62776 27323 24480
37416 74686 4971
30284 26473 15658
39752 29740 6572
77426 95465 64200
7658 24390 3516
75478 3127 15678
92178 34444 91658
78226 70580 29336
89186 74082 37602
68862 55061 6911
72736 95821 14911
55244 92485 4789
29206 73073 27876
722 78581 646
32934 27633 24126
61360 38465 52456
32510 45704 12516
63654 957 11641
95396 95013 84629
68960 59059 32934
75468 67301 32243
55684 63003 40533
66266 61320 16125
30276 98024 25922
34576 48844 2909
56222 56496 52545
35824 14531 32063
17780 2421 5423
28018 18750 9981
58558 69840 28538
75184 7305 57335
18268 70253 656
84786 82255 49538
53922 25869 53153
25554 86094 20671
70750 39744 48142
89212 51830 20272
67964 77240 8101
31806 85281 13346
70496 41153 35588
92698 14613 83605
45004 86442 26545
34128 98248 26939
17850 80013 5126
2708 52195 2318
24418 55613 21038
83960 54154 31051
4602 17991 3369
22268 70992 3749
93228 78137 2558
86776 42637 32569
98880 23469 5120
98676 68725 16208
90180 13441 49767
63064 5247 30713
9156 8616 7891
76078 75243 2289
50282 16480 3197
56340 97398 55661
25984 9954 17015
52236 83356 19314
97742 35606 38741
16022 91653 9517
16236 42000 6085
78142 5851 55001
74214 75292 51439
94152 75451 48096
19798 47937 15732
63446 40918 22386
21760 64571 10672
76216 39609 63328
96584 81166 17406
5872 89834 2664
28866 4813 27133
76692 6940 4895
93212 36529 29022
30008 81863 10693
22486 39966 4207
37670 40743 18766
29378 49045 17992
14500 45519 3218
3986 73764 679
93076 12867 65746
85090 39635 42231
1900 98145 820
21834 40731 6041
35898 22205 14610
38834 30524 3433
33832 48891 5895
13902 96593 10812
60848 65157 2053
53738 22535 13618
28256 16587 16123
26324 4981 3633
64324 40114 21175
60574 52685 28410
81158 78848 32589
82500 10308 11377
7948 19475 5460
70110 90831 21460
76450 49710 57905
15366 90379 10281
39822 9748 22891
95050 9222 19324
82864 67184 50542
49824 78397 3621
41866 68707 16182
73940 27123 9308
87318 49161 82434
61616 12304 52297
13202 13902 11117
86612 4842 4535
94212 90059 1586
49532 27125 3004
66610 71468 19377
46932 70826 22594
92924 30654 6348
99594 49124 25598
37484 88491 21433
28588 31067 23793
84020 17680 13796
13902 48046 2687
88276 38536 14988
76066 55455 15873
83904 92022 67620
87380 24715 7353
11518 27071 1199
36812 8379 6163
7530 5273 5845
52644 55405 39677
56176 10151 49032
55912 71832 15810
8678 85014 1893
69074 96298 56182
87650 17286 25856
28344 2685 20143
59242 18598 14699
24952 64964 7057
16080 69009 14827
98308 80308 58948
25942 14613 20567
82152 15370 15598
8598 46560 1608
29634 58966 24760
81314 15439 14471
60594 18734 22868
89760 3258 19783
32146 78655 17122
85872 60539 85803
23682 37470 606
53340 81746 24767
9112 32359 6019
25066 28373 18297
7876 23753 6926
54628 59944 25299
28388 72105 2235
90960 71955 47303
47572 41212 28921
3364 15650 316
82656 5386 30708
23120 86057 16921
32726 66804 5159
51210 91673 48071
45308 36000 7475
40868 2934 15381
66068 78156 4623
40946 5926 32306
67962 69489 27752
80396 70083 22591
48518 97469 42235
92976 86384 907
77708 49322 12696
39222 84803 13477
39064 56914 33952
98960 69320 59502
22030 12638 13180
18498 50168 4264
63722 87583 49017
4228 40581 3010
46800 52211 19956
18178 63877 3982
16504 60643 12497
90638 15179 4800
67124 29389 1112
42262 51225 10879
8014 29621 1400
11890 65987 6652
74362 68093 70406
51768 39582 5999
69136 78807 27128
44596 29398 20145
71716 43668 7589
63368 44310 5246
22088 74111 8290
14032 10150 7751
60414 88030 40207
70562 83906 11650
94692 57943 57175
43976 30593 39379
15720 82186 1014
11978 23939 5922
30440 98420 28843
13042 11496 3134
49018 9045 824
49026 73964 41764
31388 53979 12920
20748 83267 15555
61246 3198 16909
46782 29708 18608
25054 5940 21494
58680 18561 20533
64490 63738 23196
54922 49674 11552
45364 67571 541
32222 58191 5770
74202 1083 68623
54974 22054 48163
26150 85341 6802
73522 1799 34345
91582 5992 9402
32340 48586 26720
2764 56732 2217
54962 57568 21091
10986 91974 8285
9700 99009 8172
24402 17691 3945
1456 62901 353
40118 75317 21195
22908 20272 1903
97652 69777 9329
23062 76094 16312
68994 94109 21556
76884 23227 46049
24776 59297 532
86274 44818 22421
14776 60870 10180
50646 62000 4571
6798 83669 3367
55850 51343 27358
92764 13922 90593
50786 61386 39076
79692 9192 66492
20838 52067 10994
196 50946 155
24952 79939 24608
67710 36205 995
67474 8279 10142
70302 81821 59958
37162 94129 12502
25588 59063 13077
61140 46462 29515
71308 10433 20310
14414 3023 11543
62472 71968 16873
26434 89324 18497
63306 30567 15327
55788 68295 13918
29318 17751 9186
24952 47307 7888
46606 61381 18883
87992 7869 24671
10022 9941 6892
51020 4543 47226
63920 37197 655
34858 10713 20800
29282 39490 22494
7794 14942 7133
67658 34614 58757
55470 19309 28082
84100 54719 37738
37970 76873 27036
71812 49549 9277
55340 21745 20756
58588 20519 47986
24906 13849 5832
98394 21161 7012
51644 94886 4754
64174 70137 26136
87666 52275 9768
43966 89945 27545
83938 42814 33057
61472 71390 32830
56990 58494 37052
73966 66575 1489
2702 20661 1665
85050 62381 36015
59828 83976 32635
92006 33758 20122
91968 65736 34573
85740 54100 23011
66978 10107 47910
92642 62074 46177
78512 76557 43232
13254 76676 11139
45272 24203 39656
87690 87476 8766
762 51147 694
98510 415 18290
40758 38079 26993
80828 12906 19083
44848 45316 5049
29100 6119 16889
70846 56591 24711
45742 1694 35296
45362 33719 41613
60886 91821 33508
32766 1442 27139
29214 45875 8360
41388 65560 18169
60470 41379 21790
3992 34608 2312
57688 45840 41400
65766 83089 90
216 1578 6
29944 30651 5009
17260 74534 3688
10824 62233 5513
64752 42821 8518
60564 27687 10437
37638 91743 3951
23156 59732 12707
26024 55151 24241
9180 77807 2499
1658 64138 675
6082 24997 1756
71830 96023 4471
45864 61826 3508
37292 28470 1780
11908 14956 8874
23086 45374 1046
16434 57862 1663
29478 23091 21139
32944 4212 11620
43948 30770 1233
82546 14150 70042
81468 71954 64355
2002 81810 881
23782 3720 16918
1974 81276 1206
23138 91535 14147
21066 83127 1870
19442 2678 17034
71106 12058 11533
9478 27911 1951
62112 95098 15141
39496 3426 7459
37834 66748 4530
27158 73926 1954
94042 19073 81221
42098 46166 16097
69598 90892 26701
38730 29935 37559
80284 69933 16268
97456 96412 39208
10772 44486 4404
60236 46461 202
71876 74201 6819
97800 40874 56141
27054 90579 26614
70082 41377 65034
43782 54973 13561
29118 34104 2363
62758 66555 29898
98774 41343 18681
78308 5763 57126
57108 77595 18190
422 19933 305
36824 34431 5975
84542 94916 30973
10630 24091 8975
85050 59474 70824
32384 64070 30789
97012 30869 80621
78006 76637 55488
35294 75165 32215
97540 68168 14307
86494 57809 8459
13628 45800 11286
56408 13781 24065
97956 97297 72132
87344 48548 79284
888 99776 476
71552 67251 23733
31614 59255 1977
72560 41095 22757
30826 12167 28490
92164 28404 86106
13122 31651 10553
60734 25371 53286
14882 4714 6288
66496 3802 14935
94724 58694 68328
10260 44364 3824
86510 55113 28748
45558 97251 25922
17590 76908 9462
62134 21610 32937
68538 77793 551
79968 69725 54381
69824 53287 18959
81494 80021 11175
78380 99183 41690
47508 51975 43239
77888 61363 61687
95084 93066 7946
96566 16305 73797
71078 45475 3082
44370 23868 25372
36552 63425 24612
67404 6253 835
34946 57921 4777
9688 8930 7773
77146 96838 39662
31186 73213 23627
10474 12724 9793
55544 73534 15312
85228 89210 32436
63646 31408 48703
51938 15035 14868
75876 75378 1189
24524 87373 8561
15586 70513 15198
93792 61474 53550
66046 31751 8710
93602 28067 320
17046 58080 12100
8852 10913 5963
82460 48396 7785
460 8140 201
44094 54414 42176
21870 86934 21509
44238 16600 7661
12110 24045 6202
42086 20083 38156
49530 74215 2662
49588 26113 2643
64794 13939 6833
81900 5294 52
65820 2044 20303
53206 86683 32688
51200 38165 19225
81670 96032 10675
15000 39113 3129
13882 70023 9496
33040 83290 23525
52578 35983 44589
56594 1625 9829
57506 42131 41989
58246 96566 27426
7478 74115 637
45226 2242 14375
9278 1637 7770
20800 76047 17908
61976 94204 18135
79478 56721 63168
66626 43298 32407
10728 71912 7186
78140 9216 18692
62278 63161 7408
588 93923 200
2272 80635 1702
14582 23813 4345
43112 31516 28166
88610 36839 4363
73600 73337 61086
45702 2165 1810
50126 55398 13093
88962 16617 33045
43644 37557 29423
56026 85013 52541
13342 29688 12610
8978 40967 4827
47136 84751 33836
29496 22629 20959
19374 69566 9384
61284 29039 29087
17050 98450 12577
7710 94288 6365
98064 99629 89207
86390 52765 41142
85432 39476 34290
73272 22772 9553
43282 16989 6833
5116 13378 68
41504 96484 9434
13386 36282 3486
1324 41893 1284
59488 85452 31594
17750 84065 11685
44442 11228 30073
49490 97059 47243
47828 21481 3346
27342 35519 521
33028 69932 5018
63156 50160 21520
18408 27745 3224
68512 74025 46876
36754 3266 8249
50040 38073 26179
84098 27110 26166
76830 85882 19197
38270 38521 7504
52618 60190 46933
64548 93895 17026
72936 98487 18442
59848 38553 50601
94614 3931 29209
96590 63056 16955
64588 82673 24545
12648 26908 10609
57338 21983 25048
83770 64142 5264
62536 86256 49693
78368 57499 10128
56848 9751 33605
36836 21277 13131
44796 23085 11638
86670 43441 81264
95792 22100 88340
56776 57617 13023
67012 36303 27521
25512 88227 15668
21670 73095 10181
63498 37597 34906
36202 21103 12495
43050 66838 16391
8804 77234 6011
4746 38436 1018
73356 15071 64417
91526 19344 54490
37278 45224 34523
81132 8430 54954
96794 46376 83879
89272 20109 60827
11922 81695 6820
19874 88096 18617
7056 86617 131
62972 63778 26373
24260 30456 15176
7042 78619 6273
66932 28376 6156
1354 40520 100
84084 89226 41070
8392 51305 3434
61186 45876 19908
66202 41933 7223
29306 48143 5289
32290 63688 13044
26550 17061 12686
90970 72532 71661
63118 42413 36426
1572 41742 482
68500 45019 50388
97980 58780 88984
35156 61100 1431
22936 52301 3753
1538 66518 1250
55148 88074 21175
61940 50919 39616
6556 25211 1075
10796 56645 4126
3356 49640 655
9034 43682 5771
68052 70959 35150
88086 41922 87803
26094 83399 20790
84440 3787 40670
94004 81340 43687
46176 54877 9491
32308 97436 16800
99912 37432 83987
26858 86080 6315
73124 38218 24973
16472 90716 1026
69308 5661 51858
60296 72078 32564
23652 92715 8375
87872 22647 84603
65918 91249 11869
25948 84421 7129
48716 28238 32111
42826 60016 26032
72394 40686 18212
75400 49304 21352
32342 56535 7890
42196 23755 38667
85462 4128 60835
98190 45507 24411
94326 76148 84375
8388 11816 64
48700 62228 41534
11942 53534 2443
64368 98835 12877
18022 65180 9087
62924 6123 6555
85018 92070 74723
68296 38362 9774
58482 83210 21400
63264 38234 36337
43526 98247 13145
40556 41192 33042
8310 64933 4973
28702 78298 13004
46308 84969 25679
29908 68441 7713
61012 85499 13079
78728 99901 30403
27926 86132 3242
85174 93470 7072
41348 45205 3908
24756 39221 11811
99086 38993 86000
60932 3271 19431
92200 90389 60977
50828 79481 1411
8876 20502 832
11374 96012 11034
96094 72549 32774
65524 58237 10117
48096 85685 19773
10440 33633 5132
24472 4459 1770
75758 33598 72411
49320 71460 27081
52730 58961 48522
96058 13795 45470
80588 39404 8418
92830 53458 26710
12752 63122 7442
38480 42452 8230
67254 32442 11146
40346 52698 36103
68846 59250 6060
44304 64103 40621
77664 60863 4024
71934 7038 70997
56430 88988 40450
24384 17321 19338
56492 59670 31606
2918 24132 45
69730 58783 28827
27608 85574 9377
79582 70475 24629
19086 10069 15902
47890 60403 37600
87954 56225 8131
49498 91010 29814
70874 82401 61519
87922 72624 64455
1660 80392 176
33932 89235 26266
2728 59322 2652
53452 30383 45387
56742 39795 10921
70816 48709 47215
97870 26744 69046
42798 91900 1992
51842 46773 43064
60776 68063 29033
16376 11403 11077
49852 99249 13656
71882 3730 21050
55686 75345 33324
61442 95259 52645
64218 12811 1634
43746 81402 23233
76272 63285 17496
2188 24798 964
59124 64218 29220
12024 33835 4655
64518 84034 58158
74792 70221 16789
89442 46145 52224
502 32392 117
49470 45502 49396
47170 16510 11263
55376 18748 43212
29076 93348 11585
3318 27430 1771
4056 56415 3579
7824 11242 1519
29696 53397 5179
33848 59478 4009
5746 98013 3066
61654 63614 16134
31100 75132 6806
31350 34322 8111
37646 16168 15970
13284 28790 5606
52808 79352 14269
71422 63910 14597
65860 52907 31521
50372 50600 34562
9988 55522 4471
39890 58019 6990
87140 8512 75559
52512 64815 16094
91312 76151 58650
7114 84456 3632
62190 17828 8017
64068 56567 32361
59102 73041 24013
1078 66742 427
35904 15095 26504
51218 51809 1540
81468 77115 13805
27570 3211 24349
26834 34149 18163
35030 470 17109
85590 14958 77925
13294 26914 12014
59642 22833 46283
69872 6051 12921
83086 53679 52589
58392 91255 30809
33990 97188 13816
42888 37604 19844
63156 69209 26268
9170 27081 4230
27078 91111 11975
19728 4764 9825
63038 26870 35606
71202 20247 42309
59590 88781 56363
60578 86186 28216
4600 36823 3483
43996 37624 10945
10624 33624 4245
51916 11574 50118
90842 1579 27159
97638 86705 4971
10854 47160 8878
43512 58085 31299
2370 77876 232
10052 98842 5792
92760 11289 65939
4110 47291 2875
65992 73353 13881
37124 13185 12288
23056 53887 635
89756 66430 30798
29454 85186 13956
27140 81462 15720
80790 90140 42109
13042 82235 586
88974 44334 79753
6088 91810 4000
14314 20629 12154
80006 81937 21041
81874 64341 32632
80848 55638 54583
21004 85861 9084
6882 59523 6588
36318 25589 14147
2818 34542 1840
42040 7489 8000
64034 72000 9773
50584 22381 34821
41894 61526 8903
4632 47555 1390
47956 86423 14871
60358 3728 12386
5142 78137 3412
72598 44805 19149
29342 41062 17506
85728 83387 1312
79924 24534 19129
2364 48056 2040
82818 94678 15217
67142 89458 61657
75610 73525 75206
42636 81121 10909
53536 55289 6564
20828 6999 9819
67436 80643 64568
46372 87895 2062
68452 70162 14300
28574 656 9381
42676 79100 21128
92342 41805 62598
90518 48822 23687
64336 32948 26207
59832 41648 32881
25168 4662 5139
89168 77370 68615
22342 26682 7139
16580 82130 10584
55626 22592 27656
40124 34648 18970
22622 93442 18645
36358 58508 13261
23142 70809 21171
5024 30637 4529
7326 64264 455
2310 60337 2151
63524 80049 43103
63084 92171 55846
15292 42450 1803
61592 39510 12952
21030 42347 535
11058 2193 7117
26746 31420 11176
74256 77716 4144
90302 66039 20866
5640 82857 5106
33516 28633 3904
114 16280 106
45298 26983 1787
98888 93777 94033
79022 70426 48762
61022 83442 43513
57940 8656 18380
69538 99571 16870
91376 67799 3618
38612 29279 2038
8848 7671 2140
75320 43163 48547
34400 65037 14826
40832 55513 21256
3940 33718 2456
28900 82322 1945
84728 99316 83695
95298 61410 13089
15428 79561 12599
96204 48827 32923
80774 88474 48275
85596 23792 78324
71830 96963 67635
6258 38268 6092
94770 95000 69842
23878 45335 7167
40412 30827 17127
35024 32934 16750
64722 75287 23517
58664 13088 6967
80936 84069 44635
64672 86564 1218
29306 49510 14822
36286 61068 25269
6896 26342 3528
72910 20638 3984
13380 1843 4652
49778 73999 17560
3432 73253 981
53120 91597 34930
14384 95084 12803
16242 89128 4729
57462 62096 35048
25768 1065 19838
61790 71529 1566
17976 56692 11759
44032 26353 14051
15802 77420 1051
31416 39303 23284
38004 48683 16171
71882 92361 63999
10074 17227 8514
70142 84998 5816
79388 64035 24104
43850 91952 22316
43292 98401 16737
41074 15407 4311
71382 91678 18621
2466 47332 2356
68634 42932 26131
60906 21064 26335
34518 92876 27714
44944 56927 21721
66976 68472 6261
93860 2065 39876
46444 99796 2235
78680 92522 72246
2726 82816 1210
12352 82989 10665
18578 16214 9159
2906 90078 1466
15808 17716 6769
58148 72949 45353
28812 78355 4255
88828 75220 1035
34996 23622 10103
68470 71797 46129
34044 56399 9587
38556 41492 11524
13984 77787 8505
51438 96718 8909
9638 41174 4860
47294 4806 340
48778 20717 35195
96972 4998 83188
72820 24662 7573
21800 58290 7932
25860 42351 24594
47578 26601 34857
28412 73055 2910
94082 12148 26326
49386 17032 17098
42710 61318 3993
93024 76892 61413
23798 51858 6942
15732 69310 7384
79414 62730 77041
45036 42006 37334
10382 7323 9443
96182 20641 1552
27924 68423 20993
83422 24189 51904
4056 4553 3639
11396 69853 1932
6414 70240 1327
76882 87305 70102
23186 69312 5400
84648 89833 26155
13556 28023 10539
48986 41298 48811
47610 59191 33652
11804 16392 6299
3178 78165 1432
56516 33818 11997
68754 84574 40165
49204 78502 46922
74332 97619 33823
31380 63708 23633
82992 86328 64886
126 35071 66
86744 71885 11063
10774 46222 9959
2878 89751 1151
52504 77870 36466
51162 77888 45247
31518 64148 3194
69984 22485 49811
85708 10589 46889
39144 36210 16306
8222 11493 3417
73294 44106 66917
69362 19577 7659
13308 45057 6563
52368 39108 21700
9930 57221 7516
45960 48886 7106
2948 2756 2341
84546 77278 5559
22926 51419 7575
11448 36189 10020
43340 24172 8264
37840 87097 10696
1916 49518 1222
42758 86595 18220
29102 9748 22166
19158 75546 8666
69050 20116 29369
91292 26059 89370
370 55433 295
58046 84142 6763
49670 89408 6643
87362 57834 53818
26714 26899 5631
16442 45374 13607
50058 55523 41584
76736 55987 37939
85492 76677 19622
42598 11680 9801
64758 49612 11887
27144 58650 20600
7104 3258 1451
30454 73607 6494
600 38804 428
23354 28077 1934
69084 23265 4732
13962 32057 1699
43044 35037 23844
45300 36953 16194
44210 85588 36159
53384 24230 42936
86314 28574 66056
60264 57060 22506
2692 26848 2683
96894 94827 20133
27280 8558 838
13898 8155 13751
79570 74353 63125
36342 92954 8858
65062 51792 17889
75520 98744 16237
24140 5054 21650
8676 86229 3698
45198 73473 9342
10922 50828 6402
39972 89006 33422
29306 25606 23440
76028 33277 47543
73572 62700 22652
40532 8114 25084
18092 4176 14533
57962 37950 26368
42034 84794 17103
79000 21253 78478
43734 42175 22921
21908 62652 1232
22242 64869 12922
44146 32019 37496
18982 4797 17464
60180 16178 46494
14972 45558 14137
34202 68197 9270
15210 74878 14719
19544 47409 19167
99588 53330 70810
63254 66655 1157
51412 1070 45522
10330 18218 7547
57468 58722 7633
9346 41927 5605
20974 98311 1118
3728 60901 1839
32878 18100 32366
76518 67949 47242
70838 46828 34932
21210 22755 11552
7282 1267 643
95696 88835 728
92872 36368 38257
45430 67007 11380
39238 31814 36918
6194 33081 1286
90504 50059 67087
27634 11343 22540
19924 91416 1318
28232 98070 17687
65728 90424 52221
19390 31445 7216
75346 62733 69543
54482 60366 48759
7906 61394 4398
52052 20572 15090
51568 39341 18385
55806 52393 19306
96900 93200 73640
80932 30874 30972
44316 8609 38021
84888 77065 5340
65412 61528 13050
72176 98135 45314
39274 13732 30224
4032 41625 2435
1344 68646 289
12042 57800 9788
6868 52989 5634
71666 58861 19237
17604 45610 13932
23612 54566 13373
48958 37131 27939
82682 54908 4431
94034 16656 33067
73700 1249 18803
32432 62032 25012
26868 57138 25364
75116 53163 15327
33828 83311 21192
66702 99762 2311
79056 73228 11829
35148 97815 19544
61634 43700 49699
47610 71936 29408
44532 57704 25254
6514 19847 207
7266 73869 6087
50200 51972 41998
58022 71939 45434
56510 21677 39899
92620 54631 28403
75034 98077 48731
64640 8489 9423
43758 57938 11983
72046 77270 26438
48026 85906 37754
12570 2286 6208
34206 77596 22652
23172 95403 9314
43244 16095 13819
39178 20607 37062
76844 87329 11034
41870 39622 14843
97200 55583 51702
81664 33903 12808
58480 98409 38303
47356 27838 35081
64224 45213 28598
98434 37131 58008
83822 24772 42821
70836 34148 30418
75506 98963 61609
456 38784 401
21776 38403 9370
14010 23773 4232
48630 21594 29919
64616 22087 50526
45468 50144 2196
87296 67139 36388
19178 36807 12848
44064 66618 27142
25834 89912 15610
26626 63576 13235
49452 45876 8448
41194 28068 1244
63898 19176 23349
79178 5014 19926
20282 65549 9577
37828 29330 14325
13304 96447 2644
90312 66782 13993
10048 33153 658
29200 90569 12671
60612 50256 34470
15762 38332 15538
20106 37199 11225
16650 17190 15191
28298 38404 9592
19454 29433 16223
17688 23567 3345
76868 86977 32931
86564 28179 16436
23470 56820 3360
43480 17610 18851
38414 86374 38137
54198 97963 19363
9578 15219 2043
44686 93709 32985
93966 72644 90631
14504 93816 7708
85614 76528 10126
75518 85776 40803
43424 51652 38290
74374 91688 3365
97136 31505 24766
24110 84310 9879
31526 1735 258
70800 31528 3039
1802 32359 308
6054 38775 2018
79142 74021 34397
59996 88396 5366
94464 84814 64642
85820 84620 35754
10450 41820 9118
48822 98950 11766
51942 7902 32890
63714 47684 60077
72168 99489 65723
24970 84594 18453
914 56794 538
51096 33603 9142
76610 17476 60323
78410 83401 14562
31706 84012 505
43808 94053 36359
45060 7889 886
57254 71226 16042
27006 90058 13153
47802 79368 37919
12760 42339 11936
31986 68452 10449
1500 22487 82
52082 66409 27946
60598 55146 16880
20364 16391 16762
76206 19291 55945
75298 91310 50911
48056 38268 18990
61526 20493 48684
4312 50924 1496
47554 78734 34276
64414 28335 31111
96240 28509 68016
72466 89769 36995
16482 97714 3825
27674 2317 23596
25444 51698 2108
51930 41397 12641
34046 76966 20909
722 54878 232
18040 7875 6199
15128 32078 5591
42678 81540 15683
95122 12219 16632
90178 13331 20740
35034 11096 16433
25254 7802 3445
13918 39022 9171
80016 59800 72287
30236 49240 7310
54786 86074 9465
98428 22406 24127
32354 59734 11438
51116 97225 11449
57814 6000 28897
20852 28524 4097
9296 40879 5288
58732 36495 24232
29614 79582 3088
60556 26693 13481
47788 59269 34658
72808 91918 11880
1034 17237 409
13380 55185 4696
30884 15049 24453
51360 2227 32429
21604 82843 9073
64834 45913 63599
79506 4998 53136
56582 11419 21374
76142 55137 31051
12194 47580 7753
28096 80527 1231
45088 89823 8832
52446 36036 45343
6390 65200 5001
8154 33237 6668
23662 57489 1010
80100 330 59476
31888 11230 23186
87828 94624 48654
51380 80993 16413
6070 18110 57
91614 24503 24395
40454 94470 4833
53050 32624 19200
61792 11066 27727
60126 84561 17400
17638 88888 784
70382 24939 17527
17594 9452 512
40046 87228 1875
1320 55946 697
5656 84219 4782
51626 94209 13882
92504 76625 67589
2314 79534 1229
51570 97033 18712
64424 78538 10245
67122 34391 12003
58018 27091 12873
76418 31512 5288
26660 2269 4136
4038 57898 406
55548 11988 33268
30742 58559 18627
89858 72133 19519
57784 38076 55414
15284 65455 105
27188 49762 12350
49962 9033 5878
97034 19071 16097
94270 10329 24377
16242 20999 13673
46752 26616 24506
16206 53728 34
10676 16977 7667
44576 31762 33741
24690 16618 1559
96918 87216 14063
16596 97896 14894
53732 26969 44859
48982 3502 22155
38550 49957 28380
46578 51785 9685
38948 77195 4789
86154 173 20073
50404 95852 6199
89756 25669 3248
35162 38322 7275
30478 19108 25602
92442 56682 26986
90716 60861 22806
96074 86239 48410
980 6451 461
18224 85072 14219
70902 68992 15330
22136 95600 11446
8542 28810 7532
42264 18929 39522
32876 20954 15187
17140 17505 11078
68190 47840 35846
75704 49438 54777
76236 86525 22762
64850 98960 43776
72400 42673 7747
91022 88700 56523
92452 71016 19595
98966 52188 19857
19258 36878 6995
30276 19160 24159
29982 64374 20836
19980 6193 19060
44892 57715 10287
26068 69502 23751
69536 83726 60921
15830 67284 4062
19610 7893 19110
45876 97957 2064
64816 1230 40533
91966 46626 3407
2648 26987 816
54050 45942 21523
61514 67472 21761
47526 87456 37212
28016 42263 19692
65716 98885 25572
46222 1720 14084
83080 78646 60380
38210 35706 32740
43794 94928 8457
77508 6026 20088
93098 95948 63240
96876 55830 65321
36684 44675 22438
35824 66321 24467
75328 58749 16802
49190 22363 42751
43604 94598 9870
49202 94752 7671
51436 77579 9040
68782 8603 60509
67864 62342 52085
99414 91804 59520
68642 37212 1758
82042 54059 1839
91240 75814 8593
61672 56404 61096
96562 84541 78203
65834 94523 9965
8736 98309 8239
27324 87842 16204
73520 27045 69560
99612 83143 3234
50418 35111 9262
47682 70635 39978
57196 88147 8837
18456 2873 7554
90866 27121 60912
70330 72533 34456
55054 94949 37039
49814 2080 22809
54332 76826 37537
19324 9124 391
98478 68095 22706
60724 3255 9108
87570 46995 81263
24084 60104 17267
68080 54113 5043
14554 6820 9208
88086 87774 6495
78126 58425 70938
94592 1033 53614
83932 80860 14284
71692 49376 36381
20296 25140 10660
93358 95060 28989
88320 52570 32788
44900 4552 39759
8156 98227 2483
99636 88235 50813
31414 8528 7634
23028 86267 2561
89768 21769 77641
37996 81926 17192
88838 8619 66874
51232 58667 46393
8108 2043 7195
8256 46042 5878
68830 14982 40784
42376 58324 35970
21506 68307 11582
13110 89929 11149
1792 84351 365
24726 83602 3961
48746 95623 4841
53872 65949 25086
70318 91790 330
24118 1102 5656
55094 9520 37840
55008 72635 37954
60272 8789 388
30698 11084 3882
77008 5358 68681
14324 98704 7432
5688 50735 1751
57912 30916 872
9084 59369 8207
24312 70268 18276
96002 82084 33630
79116 33897 60554
85336 62655 8036
34174 1847 17753
308 37222 281
89166 60219 9218
57268 8933 1329
52512 8235 45689
96626 71272 30334
78260 24313 29564
52202 8214 39786
24552 76459 14006
26800 92888 12146
98320 52183 29542
99832 97257 10842
80646 42067 10799
64314 7951 24376
8388 14269 6489
53844 44229 17163
11778 44488 9521
63602 52161 8531
14384 48310 2
4822 54122 704
28116 93399 4642
26062 53452 20103
98248 71930 616
26862 67429 15809
41298 69804 27715
74376 16043 61326
27494 41929 2349
17952 99826 10792
78290 1527 54241
27610 59823 9061
15994 68217 9673
58996 35766 28005
56818 52721 29174
57616 63995 32734
86178 742 85243
22628 64535 15540
81832 70582 73045
80242 98101 15468
39060 78450 21430
93512 57187 6308
30122 63855 29343
30328 25324 3657
40036 84935 10760
5326 56568 3061
65294 43922 56023
58994 31967 51336
26924 96468 17899
61712 3358 34020
88076 39495 13982
40360 29212 30648
14570 70290 4411
58208 43781 28406
68174 2007 2947
80250 86688 55942
28370 41214 16716
53876 13656 24824
76932 14365 21029
63380 80801 15442
58116 55122 41595
38584 92993 10424
67356 24003 50009
73862 30069 20602
96188 74465 45128
55882 55863 15062
56740 2376 42355
25400 90163 11902
64908 55249 1943
81574 73250 1219
88406 44068 9789
2396 1755 581
51908 75093 32557
5644 43085 1872
75336 2353 11178
68504 42981 4865
17928 69704 9489
67210 1417 2021
73190 32713 1803
40608 83188 3085
27786 80290 1531
56006 81677 24170
79494 59286 19503
71406 44782 45012
47176 22980 33726
17762 12423 7679
69820 52472 54255
16066 78000 15634
85618 90552 67388
7932 58275 6113
79110 93762 38318
85176 95953 20164
36520 26023 11088
70628 11938 20023
95414 19725 67324
60994 13700 25184
77934 24227 72299
92454 68361 56633
21478 40414 3873
22762 37237 9907
3492 19765 3489
57794 53305 15205
64642 84810 11918
47100 27255 2386
88076 76565 63810
93134 70652 59138
51696 85074 20240
12646 27176 8901
41576 95837 11147
43212 3599 20850
90026 31300 72473
27542 47259 15676
56660 12552 15300
35028 14759 4938
79098 21753 54883
14246 59091 5979
31168 85096 25026
62364 34117 27983
72216 88877 71718
57126 31642 35858
74900 26862 70609
81190 66506 27704
90990 88516 89210
66482 87283 15876
78106 27522 11963
9174 77036 3590
10844 82221 2222
60402 37733 7291
87584 96502 62571
91018 52950 45892
84452 3753 4945
26652 77509 17517
62354 34084 7035
60656 27193 24919
60582 65516 22505
14156 72004 13301
2792 4721 3
46738 15809 39023
77238 21775 2096
5092 79362 1384
10250 11038 8461
6436 37018 4209
11690 25072 2605
3402 53066 319
1902 44566 1198
28348 72630 22201
69352 17213 24525
70320 71554 7493
772 81246 468
82348 32264 6087
50942 65096 36044
22478 13563 21507
67826 44686 34413
8740 60055 8250
80640 43588 44886
92004 27436 3111
18848 40663 10917
80970 81975 54113
47974 82414 45818
13404 90463 12435
33448 66778 23461
79496 66997 11556
22126 44372 3922
67226 44351 21977
24708 84916 2048
84492 25793 61693
61230 50173 8341
31456 31651 29546
22596 58472 6225
32760 71412 15942
43420 61092 9304
5272 42125 2478
28060 18440 11190
82480 46980 60742
32196 48525 21385
34890 63711 30094
67722 70539 22280
6726 33133 66
72470 80281 35048
61040 96850 44701
72350 43378 10722
72926 7768 45187
99018 3741 35281
8792 925 920
26416 69000 15420
42324 87372 25477
23788 10069 1572
34700 89132 4301
32016 62978 6985
51822 71024 51361
49096 38960 15998
91252 96527 35276
41286 582 1848
8278 41834 10
27434 93156 9797
24420 47805 21791
94884 45475 51008
26638 58945 7123
9346 22661 4023
85680 75823 57540
44258 42414 22374
44442 96117 43234
11964 95359 9232
82820 47434 69199
74198 22218 39901
72946 76428 50862
93082 90450 88877
74786 71432 58633
13872 48173 10419
59022 57009 18075
76332 32004 16109
556 75958 6
11506 9616 6714
88792 67812 20327
76320 46308 15708
21860 49079 4862
62288 37558 57940
69566 2320 21535
16468 27189 3637
34776 5489 10855
91330 65261 69181
69028 78657 4916
9928 9286 5930
76788 21601 59628
71116 65985 70938
56928 31836 11338
18104 22930 7592
61064 51759 9686
24954 91263 2712
22426 98820 2907
44660 39030 8132
16132 62812 8051
76248 54815 15153
87270 77862 55850
57858 4540 18339
69294 10076 53323
84058 89877 37273
26724 84868 18645
29988 10388 16536
52832 1464 16998
86786 96166 45324
80252 76092 60180
72490 55649 60414
16322 9405 5603
20992 93825 5933
16994 12750 16472
44890 71969 1010
19910 97216 14050
59712 90142 20583
37996 12097 22452
21828 86959 4245
73472 96321 28440
39820 51969 15298
1228 47598 776
7670 80655 3441
96670 54037 89629
64866 77949 2419
33984 50164 15090
29030 23422 8489
2640 70236 1180
46638 13036 3366
72918 36487 11317
7406 62867 118
13660 83574 10455
56106 49997 29558
72048 41978 13749
91964 45887 42929
64576 966 25064
45438 14178 7543
68686 92095 42435
168 46562 45
12368 94593 6907
70524 29601 62343
79134 11943 7972
15750 77303 9594
65836 13319 6281
71098 31058 69824
70738 20356 47969
57626 29627 18818
57212 41090 3554
77916 57326 73522
28098 72001 5837
38146 70056 18350
65240 16869 23002
28244 54566 24655
3774 19800 1530
63290 71229 62288
70314 93104 14322
36198 79074 30994
85408 400 57445
92866 33965 31792
11820 32337 7297
87402 92248 34070
63226 90132 49768
34808 28656 18935
6544 18833 2918
5742 43032 1433
87918 28588 29381
36990 63572 35606
12772 66846 2792
11274 21573 7910
30690 84247 440
23818 26433 20084
98376 62367 33882
88912 63221 8448
13766 50564 10080
84182 50468 12891
67616 62075 66094
21162 58770 20304
28956 90775 13010
45128 96295 14160
61782 41687 51393
73672 94562 35396
31744 89964 15040
15548 37914 956
25218 71695 8120
77034 61718 10902
84120 67899 35583
226 51874 116
31378 44058 20914
1582 57747 970
46986 90148 38587
8024 40535 5929
38042 6372 18915
8652 40226 1652
61806 96078 21290
53154 52490 20815
7366 17651 6898
77890 20162 74693
48256 8094 28349
24524 12746 18867
36514 10730 7186
76058 14440 9456
9178 37761 5392
61984 95776 27974
93682 30269 74008
41338 49592 9652
27516 11894 445
21156 87505 4246
86428 24503 4558
1134 32596 385
92810 87207 38916
84462 41703 5751
24128 89397 8909
94192 64635 36479
62510 83506 61979
91888 73872 17383
22654 92283 17538
49300 24295 13978
11532 95555 6493
5566 66620 4513
55910 68717 31060
47610 9938 38773
14460 43320 5340
71694 58469 29098
30174 31887 12650
48050 70883 17973
1756 96569 1017
16990 7971 2964
80488 48075 26168
93448 91054 34886
56522 27773 3899
13916 99865 4321
51552 77503 19753
92540 43556 42530
67558 81375 62787
59258 15172 4781
71392 59623 59015
15814 76886 479
31822 17724 29615
32162 50566 11283
89242 83369 5409
92450 63008 62089
89592 5757 34675
69928 7619 23875
70132 18848 13388
54668 98937 12487
84598 79907 3976
77938 36048 38063
18666 25459 11208
71102 39344 49119
86792 89086 76569
83418 78235 4461
7072 81178 4736
4950 34220 237
47956 96220 2816
87054 56180 46211
98698 59498 20954
56676 22983 6518
37350 58970 3548
98366 40732 57667
53560 64959 46122
11430 31988 3802
87274 82393 57361
398 16948 260
8122 26459 3860
12162 35747 6850
93118 26092 15405
86088 76784 12066
71382 57991 19579
26414 76072 10365
24490 14428 573
29760 47918 4743
65282 33517 18937
90870 85849 88790
2284 17451 386
20860 26983 17936
90084 24224 732
13452 56557 7153
93922 82766 28438
93234 48227 68186
18598 48193 384
88752 5251 7191
43034 93677 5315
94842 9232 35390
4536 15360 443
39952 13855 8155
51728 9771 49767
33026 3459 27795
37610 93778 9600
93970 59339 16336
3212 91117 2585
31586 61066 5054
98070 84498 10492
50018 31283 43410
8462 25668 4691
73166 77242 15517
14716 23899 9525
2662 11111 218
10240 34780 7228
87528 8926 476
93374 82424 35983
36698 37170 25551
8428 69862 787
51828 43488 17501
73398 95094 20206
33644 90477 26160
87798 71026 18524
92486 80226 87866
70384 78153 9267
13258 2130 9220
85038 5580 73399
77180 20395 41736
1950 19223 1787
33036 37610 18080
74428 66816 4759
39024 93546 25469
13076 39798 5428
68736 33768 40690
95350 33042 50120
69036 15843 53187
80162 43765 60847
91308 97365 21274
40948 2730 10067
86062 69713 52156
82126 2432 59560
86214 87378 60537
72536 73852 10721
62830 73781 28338
89126 52252 1662
51518 35434 7627
71348 814 38383
79016 933 39641
65574 50207 47319
26918 23294 5407
2732 90719 255
49742 88817 139
6704 51802 3571
24724 49447 11640
41858 79867 26949
30736 40000 21960
16076 92828 6458
19848 46928 5516
80584 46085 5079
74954 33419 5097
85504 88188 15193
24334 17060 7836
69916 8047 55561
32592 83046 21325
81756 66133 42615
27930 62960 9351
96430 70691 28380
50944 87971 50631
59752 47462 43017
78892 32344 18172
73318 51471 14102
32748 27039 14865
74526 20187 67377
65772 7975 53742
16760 16332 10476
54442 39168 35639
82260 32800 42769
83510 90444 41303
99298 8081 60745
37222 51530 2323
67104 15734 31668
14786 56419 7136
28790 14429 23846
53898 18149 10966
81330 95225 14634
75524 44409 10630
70860 70938 9874
26088 78807 22610
21268 87486 12790
37910 26251 18657
8468 92935 6565
45102 29977 38819
65668 78620 21426
88018 74619 57683
5584 90081 3596
27942 59996 13229
53862 93022 13064
19520 38621 7013
84010 5837 8983
26056 54415 22464
29036 62761 25771
22446 96464 13455
38120 99935 16185
48296 64951 28566
73190 93921 316
18180 47255 9826
65018 40590 38025
78926 81284 66416
44696 86155 3374
21854 92992 19244
29668 89136 6313
52352 1738 40386
7162 26897 6088
62878 88309 23230
89188 71160 22132
49804 70067 23814
81516 47365 53552
53562 62539 44648
17016 78652 14079
50944 74071 37935
99720 84569 20553
37494 1109 500
19106 84599 13959
43506 98599 35610
95820 18140 30748
54428 10294 30113
93608 25867 10832
76626 49145 69989
37336 98163 7391
41356 444 25264
56612 71698 7022
78336 60972 876
11030 13705 2952
94026 59763 69098
47534 79126 20279
93298 19867 23472
43776 24113 4989
99820 47191 68880
90144 24308 48730
45372 19622 23407
64352 44101 31491
80702 75118 42742
8022 10148 1940
94430 89753 65027
52036 55198 40731
53322 4088 45505
33004 37265 10908
57426 25476 2320
91104 94499 9222
13248 41461 10871
68266 2292 11885
52858 80704 12374
4080 37244 292
87580 65609 30929
93550 59484 14834
72690 22023 3785
11210 29868 6052
34842 10322 9388
184 71371 69
32402 63161 3270
20102 86571 3878
62996 1532 12021
46124 99172 8485
84638 80300 56431
30592 5774 13081
44290 13258 33071
81768 30950 16221
50284 2674 8285
14274 66856 7302
60386 57698 19853
59882 43427 8119
19646 56676 322
36042 27227 16624
93758 86084 8330
25316 74297 22763
40076 10161 17793
94784 34579 7075
94236 95479 5659
15944 62253 12228
42014 60363 28142
43124 20148 639
73104 4925 36747
87482 86472 77871
99678 43502 60135
47942 52015 25305
57458 67469 51199
90714 88898 41085
93890 15966 11239
26644 30630 11774
77078 8854 58950
85752 70462 63318
72352 27568 21678
35934 63708 30213
48428 36989 19679
55270 53161 21431
72738 16839 58414
7574 22572 2153
98316 51056 17803
28762 46486 22549
87576 77845 26076
58618 55954 28753
6984 72487 997
91986 48319 21646
92136 3528 37142
73376 88315 4228
67158 85730 23672
17918 86012 7985
94498 74451 51093
81436 24824 22838
99702 24638 32465
95878 81675 91745
97884 6693 11500
66364 44254 42817
91204 20763 80296
14170 17177 2598
64768 75527 2661
24918 64892 5920
10352 57261 200
78606 57663 68334
69060 40354 54981
75442 10153 1206
48862 34848 8464
66638 15263 31255
43108 70633 40779
37364 40110 18280
19146 36648 2154
34620 70265 19035
17264 64241 16884
69890 60341 62987
27134 82698 328
326 80565 3
42684 22868 16859
82548 34873 786
52300 32080 44015
57822 63565 32494
29298 82360 3807
51344 72820 7323
72648 57154 10711
94604 5421 11000
78948 45475 54512
48928 53531 10970
16408 17025 1926
97968 83831 89928
63424 26997 24502
80232 11056 12486
80254 66917 8021
12676 65717 10190
70 41597 69
35042 67294 34250
25488 94299 2358
12640 79520 5564
17034 55064 11215
65154 64913 24839
39198 36980 13789
73734 46980 6959
72354 65663 12271
67718 19271 52163
33736 3547 21953
80946 54099 45311
88740 63500 12022
11326 69331 9206
63140 61858 31096
54380 38116 44930
83230 93123 61834
66772 25690 33053
29628 45495 12507
58208 30070 5266
16010 47699 10602
97010 50839 1797
53320 14189 33200
27388 97956 23106
72690 214 10593
37356 44929 33794
37964 77357 16336
63550 53805 20604
37154 20894 33301
66388 76973 33543
25466 9535 3632
72414 93225 3707
82754 38843 80057
9916 40180 1635
62206 16155 17360
35480 51137 21045
72134 8160 63743
73832 43852 33737
94432 38785 47508
8920 28898 2512
56344 52068 39681
93158 1085 54892
10300 50465 9181
39516 49474 33727
75512 24413 74232
18110 75382 7779
40730 76342 11862
82528 60053 12489
59568 34453 22157
5502 12902 4857
27142 78086 11943
50046 1749 15255
80294 52922 37516
34306 23431 9634
46298 70016 374
95292 66485 88381
60032 77596 23864
36092 6905 21719
31982 34479 15430
70530 55202 58612
70974 51714 20728
2440 45772 1827
63846 62762 31535
53568 3669 36041
17404 2789 6994
91280 44728 57108
20508 25040 13331
51112 74374 27929
25798 85348 24556
1044 19441 592
77624 36138 17124
14856 78435 577
55166 20797 37698
15528 30867 3095
79616 66312 73163
10226 10698 5436
22464 73101 2947
76494 31341 21134
2226 21838 1678
15376 63697 2409
24418 83386 9505
28514 75420 3086
68554 49409 11799
44132 7115 11362
94090 5086 54808
33744 89769 14576
95448 63658 24169
83074 80032 57950
62552 94783 50131
11086 50461 6660
48706 16684 35489
8046 63871 114
96628 81779 25137
67442 66144 20982
81086 1571 11614
94050 2965 50536
63520 26351 26743
38946 77754 5390
35894 56821 19816
39340 89298 19711
68596 76367 50346
78702 2267 20296
53480 7322 169
69990 17654 16541
3006 46743 617
47144 58185 2462
41426 80827 14540
88746 61254 3819
48954 39270 35974
47672 71677 28083
85178 32382 38164
30158 97317 17892
19104 73698 1001
27572 78180 21960
6678 1830 4645
28692 83828 4654
18540 75110 13554
84920 53574 4230
81466 28302 53521
858 90845 438
73628 6047 54704
97580 8120 152
88332 90257 33585
93824 74401 38149
13664 79933 8111
83194 11881 53818
95988 35121 64470
57818 53099 40729
4636 81133 1993
74226 46876 8159
83234 19853 29771
35432 23203 26007
6054 88622 2656
8146 60218 3174
51712 96811 36692
39160 33351 36007
89904 87232 57446
42760 75936 3667
11728 50372 4092
70522 22206 6059
48412 48076 37491
99378 88399 64382
85824 59012 11258
85762 7867 856
49480 91184 43001
13222 75592 4149
55516 47111 7716
15692 22729 14354
41434 76632 2950
37130 67089 29995
69848 79911 20065
5226 66453 93
21610 45082 13005
71662 58929 52892
21572 56467 21146
7422 63780 6984
16270 47797 490
15816 29791 2987
4438 33889 2277
67586 85477 41308
60212 4090 55063
97252 38912 41875
40524 76538 27079
94860 5072 3934
47054 2159 26932
43526 71262 36276
64318 12522 34580
19852 18117 833
44270 7970 23387
25030 8198 7226
44578 68741 34010
53008 88713 21720
26906 8257 14861
70326 2351 3319
43470 48543 343
68150 58128 23169
378 87857 31
46018 23291 13923
70112 22452 29184
6620 89351 806
13838 58563 1193
39348 78557 15842
69170 14653 2250
51636 13080 13072
97714 43646 65615
50308 15163 648
23846 90080 18807
20182 58140 2390
87882 14020 7692
27684 63576 6885
6618 38184 1183
59144 64249 22500
64706 73008 6811
54478 46341 6870
26016 51520 16452
6872 76045 1131
50288 50322 10938
88574 26041 17827
66102 92588 26215
50996 94890 40132
72722 89399 3662
61824 20571 19287
72732 57076 33206
72662 23842 20763
93604 57602 27652
2154 29149 70
18610 41615 16142
19290 99172 10913
61910 53826 8274
84106 92750 6996
35802 20822 4926
29030 90422 4927
63986 28557 3765
70116 10701 25709
12906 75367 619
5352 9495 626
6380 4487 6360
73040 60512 68068
98136 86304 11079
58486 26188 35411
77290 16745 17236
20288 94475 17491
26176 72562 22940
9126 75169 3916
66430 44598 27095
7982 58468 7001
6814 58497 6585
75598 12991 10288
88386 94328 86480
12342 33154 9996
60912 41838 41169
62484 47462 44103
12672 82097 6283
4980 94699 3880
44204 7161 4151
79010 1344 66277
47462 74325 25167
37530 16623 16555
44220 50253 10220
79828 91267 8426
11168 31268 3211
63192 26580 43227
6254 71497 2733
22110 95356 12511
47480 6314 3142
81776 79089 23959
98898 42080 89611
68270 88087 66521
83826 45189 78143
75004 88343 29294
93826 48240 53932
31716 54269 9402
43968 41361 33751
74344 21809 13673
40512 4735 35643
58068 56837 20488
41070 97602 3681
64142 59314 28168
23054 61966 2284
65974 95251 27532
49698 24149 40616
84238 93486 7902
15400 61371 9900
4872 91075 1644
37062 68853 13771
23056 30898 16602
75292 26131 22142
84010 44327 52542
58384 73397 40887
95900 68436 41741
25546 78821 17978
32360 15561 29009
86444 68076 16000
78320 67661 21085
27622 96084 19797
53740 81268 7043
6234 19911 3934
59794 66556 5563
31764 90428 19152
68924 65340 45489
92392 55900 12162
68630 94332 26535
21686 62711 2003
63312 40650 14993
56046 48522 24221
1638 21065 328
46682 73342 22564
87644 47009 9508
57308 3636 53027
47646 92934 39454
76656 77651 23271
21896 21717 17322
40930 66486 1952
52666 20008 9496
60474 57651 1523
13694 97742 11046
27922 28859 4325
85996 77939 10686
96194 81595 77505
7720 14354 6973
31138 19290 5761
1550 90710 627
68648 33117 11294
37546 68451 23224
42422 19202 25360
2440 14663 2340
77976 67637 6747
17314 50623 5222
66990 24260 28515
85824 84041 66451
40620 44655 467
28038 32997 13335
37922 18020 8943
83040 16586 27720
27226 24189 259
79004 82331 28114
52246 49639 2373
27012 80177 10953
66378 20788 9745
67200 67521 11234
72324 37242 17549
74562 97067 17523
10624 88111 1860
83822 21513 22331
19396 7632 14492
31420 59330 16955
28948 96740 28344
27888 55337 1672
39690 71096 15541
81368 89816 7833
57680 23173 35006
13324 46174 3733
18722 65818 2478
32826 49408 16270
85704 89556 72507
33364 38353 6427
41366 58359 41035
32066 50321 29941
56418 71604 18646
75596 14427 5150
63580 12708 39222
79774 38058 36185
12312 26315 1971
9042 42490 3334
88718 54088 47835
42522 8757 20931
65694 47407 16833
86998 67720 56065
29876 7540 23716
28892 2782 19294
29800 25159 7002
26966 234 8838
99886 26533 51456
73064 7665 35611
95486 46947 78755
33160 19293 30153
13848 46942 13555
17908 31117 7242
48812 51336 43110
60426 53381 3290
1912 31132 956
87922 62163 17410
56618 49951 34787
51532 27366 46841
52792 95254 3133
89922 53396 87603
68810 46119 11347
29432 84139 19926
1502 68411 1007
25726 60193 19201
22806 83553 6734
92774 12671 11817
19732 30401 473
14344 30946 12108
50204 11252 24652
28882 41221 6364
20830 94420 15703
41642 18555 27460
22842 93307 15429
61320 85745 14407
66634 4976 39058
89250 19407 9690
32690 1664 3815
70282 40991 47699
70072 18281 60058
1754 15728 1606
60314 19003 39790
58792 69608 41694
57994 58922 32193
26224 19819 13297
16736 84344 6429
95454 57547 94962
97274 4147 15480
26140 49275 15088
65502 32618 1591
59796 18205 40885
76936 79511 3481
84146 3839 46793
41558 79837 13839
80790 4146 75316
12036 34124 2982
48640 17857 45916
72430 77855 57699
63608 40426 870
80206 42318 2000
30848 79875 8152
1672 5985 1650
79156 35892 37770
4920 50116 3924
4874 91190 2215
55182 14621 27852
17784 52931 2209
37970 69949 3480
35292 14845 4289
86012 14672 4960
65510 83330 23911
48660 60434 1034
29222 38657 6695
14512 35817 4629
13594 59992 11717
23324 81198 4978
60016 69060 53881
47778 77278 3082
66118 79937 46541
51876 65729 37654
90142 72847 41671
30336 87799 27827
92412 58821 67592
96960 3477 3349
83668 37417 47263
65050 92259 60545
72030 88557 11539
71310 55339 43691
63112 61742 41218
54872 57942 17708
25378 58870 13621
82572 82853 78728
68572 41376 30377
80642 85529 9833
17792 44609 8623
69456 65865 31839
78454 79605 6110
97766 76717 70882
27962 62376 7282
15040 4786 404
93298 79967 85318
2288 2550 1380
64062 56002 26240
10518 40820 8280
30372 58711 16181
46858 91112 33878
21876 11385 3926
36952 20194 25362
25240 78952 595
1302 65525 763
49722 65201 6775
62204 93557 16555
70340 73675 25643
97020 86998 42360
42986 94201 17119
63642 17222 26421
42978 13542 9806
22482 57567 2100
84830 70355 23449
53444 96393 44248
64218 3755 30615
45706 33608 43463
46880 49540 4198
49380 90728 49113
54522 20964 29194
99948 41630 65460
83726 33694 14365
54676 55224 15441
60564 78856 18036
77678 10121 20169
39884 14947 38841
80186 54256 55677
41390 19041 8108
51090 79980 16923
19782 59528 13143
28772 6179 21226
17234 29350 1383
92182 58563 55573
49590 4071 11843
50260 36071 26406
75006 60060 51615
83622 9498 51340
64026 75312 38163
86018 6873 17973
17962 7815 10647
84276 59789 62459
86694 16680 4095
16598 93659 16169
11286 20094 8815
26118 43214 3899
47466 68553 5650
57734 56557 35387
24818 26583 4675
93346 67791 59645
31848 23137 31591
39962 75951 18113
23960 54893 19431
87638 36273 46531
56744 74725 19159
51444 82902 35917
95894 33620 4038
97990 87649 85233
62430 48627 26967
21514 90377 17858
59912 99488 58360
83472 31687 16558
26666 58787 13258
94294 92599 20143
73204 77088 57402
81666 78596 4525
49736 42763 24421
1012 76620 495
80216 17655 80153
75328 80020 18423
3396 85126 159
3114 18429 803
42722 71255 39234
8094 66322 6392
42008 83689 11771
67106 87653 56853
75064 54549 73976
64048 40279 25423
38266 97638 4546
74454 17808 23092
28538 77695 7026
11040 72846 4202
51322 97088 2576
2060 66092 1984
43310 38165 2513
22292 55044 2396
98746 61270 54760
91320 36050 40907
20652 90209 1642
25850 26554 7870
98116 83317 62612
48010 68133 35758
43672 1758 13017
26472 21108 4971
19354 12849 19010
67964 19262 6762
60138 98788 30042
87396 55968 61169
24764 74803 23028
60056 82794 17470
9646 77895 6654
16050 7067 4590
28458 533 9643
99208 3290 22933
52168 58671 26321
72808 57556 46402
66778 46349 45286
72244 86425 5299
4216 45260 490
66250 36843 8507
58712 82578 32816
5154 87744 4632
41612 81603 17023
7632 41717 4933
84968 8830 81890
80932 15238 1923
49400 59822 21673
55238 18428 12663
90178 31292 28915
7412 79409 5060
864 56802 826
79956 73781 69517
74974 37303 41392
94650 98202 81588
65504 58760 12376
32842 93179 11261
48304 58950 14657
67708 45643 41004
21990 55183 17866
83976 63693 3128
21686 42351 20395
82486 62209 650
4770 95715 1140
21892 37294 1687
70368 92958 55395
13920 63519 11799
76286 8039 59069
79246 38226 46051
72242 38397 10645
99042 99594 62937
21524 15309 109
96150 50700 75161
55292 14812 38438
75012 73584 29781
57162 34310 36407
27954 6000 2776
72244 27381 42436
33264 96600 5970
73228 29095 18036
82262 30074 80734
61682 55103 32856
14888 91323 12414
10724 6091 2257
4184 49374 1394
50576 71342 44825
92662 8778 17134
21246 64790 19848
13878 78932 8273
81726 15545 18142
74122 31928 69129
94332 33485 71586
26580 73776 12259
13168 92764 1439
23012 73937 2752
16132 90428 2346
95446 20999 26798
96014 77287 61714
32438 58589 1062
29452 55960 8698
16470 17517 12652
64786 22033 8530
36662 85751 6912
65212 67338 24470
44982 47174 23377
73172 61029 19603
80156 42929 8943
47746 28910 851
78652 73979 41398
97838 17774 68835
39310 27644 33911
59898 63926 15208
91678 11742 19505
28890 61730 6033
73706 21236 30918
56698 24451 9784
16768 36521 14006
28746 17929 10205
78936 79364 1183
11268 5180 6750
11412 26489 6696
57384 25782 2855
66500 7767 26170
82380 40369 1860
6384 2004 2334
71858 36696 49501
71996 38519 36637
26762 9474 25003
56256 23559 39116
92290 67657 11068
37034 55104 17432
6412 79088 2736
46440 5641 30955
43432 80159 5169
71176 97494 12356
31698 89368 24911
38776 75848 675
83316 77530 9797
59240 99575 4070
16782 53801 10977
5764 96623 5657
24438 13581 12257
42038 79337 12888
48124 56585 21681
87666 78384 18039
35870 88635 20819
7488 35963 6370
44562 80076 22724
5756 42139 2812
41960 6782 36571
4964 57809 4470
13140 53582 1659
89802 79168 67029
26798 74706 19115
70652 62124 13868
19246 33483 4782
47668 41912 41391
15786 43306 13218
19696 50394 2006
2472 24416 681
95980 66644 74108
26244 88755 4142
14620 11200 3818
65890 80382 7048
76308 40404 68689
31168 22281 9914
13740 30091 6909
54244 31466 21426
57260 55999 53416
92570 46938 36002
92384 60996 48903
53844 88218 14071
47622 4876 4058
37222 47482 9961
49270 37185 7104
76008 20016 7762
97148 24461 81393
91082 74612 30146
99846 71551 34221
35750 90840 4956
55648 16225 24799
45152 99980 9953
70560 58338 35364
7092 42563 1439
33800 44208 21402
26888 78876 10119
37870 33257 1606
16490 3045 37
16020 55061 5800
24752 3663 12390
12728 93863 10590
23710 68817 3594
52192 23296 12427
8678 22710 2781
46666 16604 20184
11834 85231 3058
81156 62007 78091
54822 21659 44520
38886 74771 18661
58328 86762 11038
86088 98864 14614
3404 56115 3227
32530 98677 10983
97558 87881 61027
33306 54583 12090
58800 62552 37264
5606 92834 5494
89302 55754 70792
1104 60747 77
5034 51769 2528
67900 84728 955
7422 74711 2286
14294 58068 5545
92844 55704 2921
85538 5226 268
13466 2676 5260
32852 30966 14572
23696 95121 10659
38140 3341 8333
69584 36883 44275
32452 3176 18540
16502 85716 1410
93600 90158 4572
83414 64031 294
69796 68029 21831
88718 41621 73840
490 45830 141
64738 52952 33836
15964 48452 3070
27810 74749 24205
5792 93827 1377
86996 12097 5731
15518 19602 4132
23612 84569 23125
20636 29012 2167
51928 51012 9588
77566 94257 13265
6072 74362 3318
35018 72172 4931
89776 66849 3896
64068 66729 34517
3488 96431 2471
51676 17807 9707
51740 88312 31018
974 70240 568
25086 6710 23903
91934 87151 20411
13908 53128 589
6064 80877 5038
33360 56401 20961
34558 68127 27266
94368 53023 26967
33750 66851 10531
10972 25573 7147
39424 87670 38713
90222 48483 24174
97892 154 57583
22848 20878 352
8982 52452 7480
38098 79157 21828
95580 70540 84885
76880 81724 18362
40492 3406 27683
54100 94838 33795
31668 59259 2530
2420 55279 293
32784 73792 11607
57612 17375 37814
17296 67859 1271
22832 70697 8648
4552 1766 1011
73800 82452 885
53006 93901 1459
58922 94027 5103
61234 76617 35430
53714 49001 6447
84792 69120 84137
19440 19811 3334
20124 58855 19287
34236 73350 27314
62930 74568 2256
7812 11653 712
54762 48676 14712
34188 1004 21033
21442 54454 15203
50478 55466 12241
90952 43372 76715
94274 11266 4221
55968 99666 53549
60152 26797 31213
24628 47496 5148
69882 41512 42083
59860 2283 32568
8974 63001 1498
21268 65477 11610
20800 19700 8608
94738 13602 82529
88866 61159 46813
37442 57295 14079
2274 67368 2181
96784 24099 42431
22 15618 10
68528 21586 51253
89882 47014 25052
55740 64977 29380
85388 72431 47264
98836 80486 71309
45378 9892 34453
4656 76710 2317
46170 44328 29653
46606 40722 34297
95548 6022 12588
51886 31863 30190
44080 68286 40828
63686 88380 8615
76080 15387 5211
2314 88165 1777
97186 61894 66170
20502 72186 3032
5808 59934 2563
84816 1404 22200
63116 48782 33242
49660 32516 28625
94906 48232 80086
45004 33214 21585
54882 45122 22639
93742 83874 18078
85584 24196 65241
46230 80404 30384
15158 23985 7927
2876 41835 1107
53634 20301 52630
80094 45065 35936
69764 90089 39539
89564 94424 1195
76076 78063 35079
48024 42894 37142
52382 44761 17220
60876 91855 29202
97702 48834 53655
76158 3493 21096
79490 8933 49866
5376 8488 1704
22404 10511 8961
87670 27672 31230
98260 40616 46055
45848 95249 1391
57546 31008 18617
34984 50669 2722
22766 3165 17717
51392 86832 10382
20464 90668 10043
83698 11228 14007
22028 97527 8520
93766 5299 3339
60352 34627 34632
44720 70114 20114
19000 89749 18595
93706 79484 55220
81726 40544 17045
60830 62135 5869
39222 96573 14088
88580 63735 9211
18354 71218 5291
16516 65021 11224
21048 38539 11791
36960 97057 20501
65720 62204 62866
6176 94018 488
74698 19925 9760
99556 70252 89742
89446 9488 58917
41716 63684 15710
54736 24554 32658
68678 83809 50847
57878 69759 35224
5532 1059 1253
38756 36050 10935
22796 75591 33
26898 6565 18880
46974 25935 39700
66258 92927 26279
74266 56496 66291
98544 98985 11673
15566 35783 7165
22208 29949 17028
29054 47193 20635
97334 41282 13420
47194 3494 6350
38314 80027 16975
87250 58335 65952
53880 5364 23203
8102 80590 1536
79044 67028 37247
71638 85126 70099
37506 2407 5471
75936 17919 38730
47628 22036 45784
16722 38853 7105
98462 93603 94875
30292 13968 5647
18544 67739 11013
77172 81456 21768
86024 46172 9017
80500 30892 6174
30018 23875 22217
15800 50853 6668
58736 37496 14303
95024 92838 89144
86056 96153 13680
468 80004 222
87864 15838 29322
3686 49423 2708
13530 82823 4238
29412 14967 10972
36864 17265 36632
37088 87691 17579
15698 75867 2872
54690 34148 26541
40856 68753 18323
69732 10347 16382
75308 88947 19784
53118 58086 34202
71534 67063 15182
48942 43417 2912
98730 50886 35234
8496 75009 1844
74374 95220 53629
78248 63873 1297
98538 95787 77308
42238 38292 10347
88714 67297 23985
41502 54551 34144
41500 17113 3289
29688 27936 16860
7176 14228 4517
39752 33682 17076
95832 61023 56771
16686 64152 1239
44066 23470 3311
86468 58336 3832
39548 45439 6217
56478 27297 40393
6126 60595 4497
44638 9467 24293
38984 89164 36434
72960 53775 46084
39124 96694 36001
54324 95942 4553
59128 51134 10486
41940 42352 14396
82956 88907 737
86128 97770 46351
71252 52265 46104
44496 10306 36089
87304 10611 38026
73656 96471 9116
10212 67224 10106
41982 36868 5485
12208 30170 1744
54906 54099 28936
65092 80950 19236
82404 93043 8264
28052 28977 5201
75416 59928 68372
99278 12666 82396
40366 88043 9915
62650 88047 27342
6486 67190 4204
83510 49581 73910
47770 76878 2150
54408 40404 21581
14030 51579 6144
48356 46373 29642
88606 57486 77111
22974 98796 17264
47560 32950 45545
24858 64517 9476
84284 15891 83444
81708 7120 35426
39972 37582 21254
73192 77786 31580
74890 84536 32922
75018 91468 24047
98612 34705 76663
82740 88016 33449
8020 94678 6175
77532 22894 10268
51434 32838 22658
5442 88605 2266
57326 2740 24832
74116 11501 3758
97404 84405 89495
10822 25563 4105
49012 10667 16618
18994 94412 3347
19252 28162 15538
5544 60432 4718
32086 31632 4705
10058 67986 4141
78844 95599 51962
77734 26064 10179
81692 18400 57280
34406 81625 5031
77504 55611 16320
92276 99838 79146
95072 41042 30326
26198 90727 13799
20934 63269 351
64226 68584 19875
30668 42696 17253
21166 39118 11041
37252 42377 14393
9474 76987 6792
61640 77629 34821
51592 97399 42521
99676 34870 29148
65034 70537 20643
3738 89549 3239
55970 49939 4991
31778 10843 23869
78842 70193 265
45004 68537 40999
30160 80284 2462
57342 61146 11875
438 95294 377
87554 30022 23449
37156 81424 16615
26086 27451 26061
63598 84591 24185
49396 43716 10672
79398 74646 7026
17554 99533 17004
51500 67091 13729
33496 73354 11396
51840 22840 36888
30358 3612 17739
94832 71851 81130
75532 83661 5050
26944 33281 11559
23420 14741 8117
3896 79972 1521
11252 77869 7933
65232 99449 45826
47476 34623 3031
15916 53624 1707
53540 14288 40100
76606 73284 50777
63802 77270 19567
77506 40380 4594
50478 46185 9857
72312 65804 66080
75146 97530 9316
81402 26549 34859
1654 25631 1387
30732 11659 961
55532 34610 18432
74196 36046 43470
87648 16477 8482
76648 99520 31258
8222 73250 2258
17822 41287 2669
4750 50048 2624
44308 50974 14928
98586 73907 42825
73494 29601 9166
63712 77008 3448
54810 8551 42426
90012 96624 42039
16778 64374 6935
86932 23362 54700
95042 17750 58917
28988 55238 19142
56784 80319 29438
28756 29823 6165
9320 63455 4352
63632 8438 21255
90722 75557 30865
5218 47099 3298
11398 75590 493
58 50553 36
81540 26173 34874
68010 35937 6050
21630 8476 9590
18746 62081 6236
36588 70185 5660
28710 60407 8252
43270 61105 6058
90316 80603 90227
76362 18199 9791
49420 58044 33351
98414 89340 7045
43200 58292 38834
96470 57524 85125
30792 90717 15813
79368 49420 74775
37822 58357 34407
24756 71910 14106
63398 48645 50316
56390 39917 24588
61550 72198 13434
71384 70624 46767
34190 66107 18089
72446 88095 62521
65028 2819 603
37052 15289 4030
14228 58213 799
40900 81677 29294
47064 86777 13313
20988 98779 16794
38578 18891 10441
28662 62982 15574
37100 93566 8482
80648 38145 65409
38934 67661 11478
65670 20086 21118
43834 25103 29740
37530 71553 15532
31028 17610 4953
79188 67816 11747
90544 78034 28659
84814 26327 3064
89682 58787 47938
80206 22633 40529
13246 39407 3431
536 32397 475
33064 44249 22994
44876 39307 29181
6430 9593 5960
83724 73697 3017
90352 77024 69522
1244 61687 1112
1340 73165 1064
47264 98341 6723
14130 88862 4115
56944 45575 10347
77430 90427 56786
67812 28901 17468
9100 57796 6475
72298 69624 26312
92592 18488 51220
9978 20279 3931
8168 24116 6278
34060 33385 15766
9392 85282 1210
49970 90138 46154
76576 9319 52051
63586 18505 40776
54806 7722 4016
2340 22876 1688
32732 9679 29326
26904 42501 11212
49276 62865 5862
2526 99906 1049
80324 63492 29049
19914 37775 11123
48738 63802 5352
39208 47534 5799
35554 99769 1272
53494 72650 36817
4214 26343 3336
66916 55634 29691
44614 81630 10758
34964 59688 8117
67922 64289 13662
31880 43582 29863
54602 94798 19775
34902 49579 969
44286 87417 5936
54026 16931 11469
4238 69150 2957
21704 23905 7605
87090 50590 57161
92424 10213 53812
90240 67820 63667
79444 8396 2665
5002 17569 1300
43974 39705 42431
48052 15468 18024
24142 64590 13884
37470 86654 14293
57572 84878 5651
13754 97038 964
73534 47541 19989
86532 73143 20759
9506 29285 4668
80012 80150 16785
73266 1000 62958
45684 11344 9691
32490 66229 23200
94312 87400 15754
94492 9233 79986
88374 50676 9754
52726 5133 23382
85340 87005 25289
92118 38184 13835
98844 3480 38525
76830 71520 13824
59042 36165 32625
99702 72955 18878
61138 53292 6339
88540 31852 78128
16428 60692 7363
60016 29348 51499
99598 5033 42845
63594 93200 62753
97380 7640 72351
45476 53711 2017
6572 59466 3267
91096 76991 3932
62744 37534 50397
6298 47703 6166
38574 93940 16710
31180 68489 6491
92552 91313 72730
63000 26814 21321
52484 85327 16026
20552 19449 7335
74500 2297 72271
96608 66238 37165
4268 96002 2000
70904 62299 25428
38206 62308 6736
37188 55133 10539
74634 42274 26491
71042 57061 47099
39958 16000 26609
35832 56989 21025
23932 72016 8177
86922 79608 643
62462 18357 6680
47286 40727 3367
45244 24129 1691
25566 82876 14684
84036 68187 83168
85322 29707 12029
3042 15989 43
78084 49877 4367
2262 91825 1446
55738 65823 35446
88356 6611 342
50004 69202 26909
432 71864 317
90420 10997 51607
72806 90187 26883
95414 16136 635
76464 41805 46552
60082 80422 24208
19186 9250 9942
47762 83759 8873
49758 57501 25818
12098 12056 180
13106 1002 13020
2822 67367 2728
29114 1124 2815
83300 69469 20331
26618 14213 15765
9680 87113 369
51772 40561 15009
16502 29302 16053
38766 10912 17805
55148 32479 38176
96334 86454 45810
17922 30827 9291
71160 29927 34464
18918 65874 8875
31438 97901 10522
73452 1932 4643
92694 12323 61384
91328 49852 19616
71364 6544 48704
24880 96560 8123
34428 63086 31011
53508 39074 27919
21098 78538 1572
7278 50998 1310
42918 85038 25462
28460 95285 11667
30038 40855 26860
30422 11197 19924
10146 34096 446
12942 77811 1071
19640 42597 10002
88730 62483 47423
4182 15412 2815
28498 29346 6845
18532 99305 15796
96224 70206 84814
34772 2840 2128
57594 5712 11699
35478 716 24809
35574 20991 15323
45570 22657 5312
31288 87653 5898
67494 90149 8014
98716 17882 79836
84548 75239 73222
84640 48345 69801
49514 86578 17914
31538 44343 4060
86934 508 27327
61156 78752 7444
84140 46063 36662
69370 35293 31110
2814 59561 2519
98990 98345 86059
48228 97467 25175
78376 86769 56458
48228 16384 28714
59270 68388 33956
67986 49038 65049
68292 1984 20641
7302 53174 3978
69742 30073 53941
47580 84590 27832
56640 16046 41242
11402 42692 9840
37018 96351 23817
29412 49621 20470
89180 55685 32920
56708 40858 41006
17734 85931 5260
51450 33142 7147
79508 3726 66987
2640 17701 1556
47182 64320 37349
220 92314 9
85292 46584 77310
87676 31374 84872
9336 14332 7840
37386 49010 35444
98806 67986 20145
4946 45461 540
11000 664 7320
48904 62432 2631
28276 70420 6866
70450 59469 61676
16370 90430 9025
98190 3647 66323
45450 38236 5081
43964 10317 4427
68828 71718 19528
47994 46451 29677
8296 57163 1466
38008 98660 15380
20344 11677 13150
53020 53386 231
34066 59976 24874
55822 85204 3626
17792 80310 10628
11292 7218 9042
61828 10842 33879
71826 43797 6131
16218 62293 15920
69926 94137 7342
48312 14290 1369
47846 25232 39139
50454 40549 2764
58950 45342 33884
48178 75062 34917
35184 98915 17257
54598 81040 5635
56144 48663 12135
31358 85045 27603
55882 41905 26490
3422 4558 2641
78182 46271 17578
94658 24690 12185
19570 63156 14016
50042 52266 46395
7312 41061 1485
24502 32264 8582
16878 72778 9816
62126 59176 12458
51978 29804 30367
67124 48459 18668
8408 55496 1598
68864 15694 8059
70546 35129 5478
76936 56136 82
23338 84582 6183
7710 2166 5545
4966 12748 153
43960 3988 31530
57614 54504 38290
42754 15476 22659
49914 91478 28024
38378 12589 23511
85962 36066 72906
76238 98515 57697
90020 176 18724
33800 1529 9078
60898 84181 7076
58250 27360 42266
33374 64376 21834
41284 28632 24738
73600 43788 47494
85900 22526 72887
90038 38892 13513
83100 87098 13989
83890 28777 38569
16192 39140 12389
88834 86973 2552
64158 23748 47566
10186 37866 4874
24600 89775 22572
16908 37256 5944
75606 53186 40317
15180 436 12587
57324 3787 27324
74236 29937 6608
59378 28001 26797
5910 62094 1900
90118 35081 77626
95434 72671 63532
74550 41474 39421
1274 67320 746
4114 43924 2637
95242 5254 49944
14988 31650 8237
61406 74847 27482
59430 26362 40909
64302 73709 5891
16094 99656 7866
7190 96646 4267
35726 22740 1469
87452 20738 21541
93712 49597 50415
69756 27458 43650
39668 11152 8005
53126 15464 29979
76818 48312 8907
73962 9157 44442
58202 32887 40213
57080 51412 39914
48118 93268 7988
17078 68305 6841
26960 97690 3476
53752 36796 17034
97074 70018 22127
38900 15098 20179
30938 58243 21532
56406 15457 5020
40448 33609 14050
82944 45918 45229
51570 52369 19991
75868 45803 53272
10494 75520 8770
19690 33653 3175
79734 89673 48287
48848 31976 30267
90330 44907 77742
52862 76096 39348
10878 80919 10517
30528 97891 3979
26758 24824 312
76086 32885 12499
60304 85663 36791
31350 55807 29441
2938 37688 2882
50566 46670 12183
64880 41803 51085
58460 1160 25072
18672 40333 9347
53100 9803 16686
81820 22120 48204
78688 46272 58594
50430 25988 11513
81430 77950 7241
66528 37802 2512
2664 43484 1658
78650 58318 47182
39642 71185 14373
26210 85125 11259
90306 19361 9647
57374 10787 39915
94218 84485 45098
80242 63206 15784
54860 18162 3741
16424 19970 13320
7628 36587 3535
21030 96104 19446
18058 48338 9616
20200 32813 6432
10910 14616 2660
23568 7889 11715
56168 98513 22233
72736 49702 39374
43328 64878 10520
74814 32148 62931
49450 74660 9602
65386 67526 40960
87566 15980 80766
56860 7277 16533
4488 12275 3152
59584 11559 38116
43930 39618 31703
78428 84334 2253
29308 7599 17296
27662 27067 15545
11206 31805 984
25712 41787 8940
17104 50393 8410
36416 82768 31828
15680 41191 5404
39656 52498 21825
65128 74554 15953
25480 84276 6226
41010 10037 1482
28004 91152 27687
43804 43918 40798
12574 35809 11949
25720 36932 7787
56818 92875 1245
42486 57338 17271
60082 78133 18788
61606 33844 47033
6560 43058 558
27510 11769 18992
70626 59393 67775
16450 46133 8905
64876 64028 6843
72942 54409 29174
70834 30281 28413
72164 52163 16155
25442 77131 3282
20516 72333 9858
46066 12823 42832
538 40311 508
85012 77292 66760
44058 45774 23225
72286 10597 52404
85168 8710 32898
58384 56784 3113
50690 114 20983
92060 84134 25700
17282 60808 4241
77142 72091 64950
51068 8461 46996
24918 52296 9284
49536 31920 22236
2494 37893 1459
25260 42732 13949
18512 12031 4172
6752 57175 3572
72484 26215 10644
12112 81967 2561
66510 21540 44436
95382 86499 41079
18350 81772 3470
1324 78257 1150
57136 7399 38369
66558 40029 23301
42570 97572 4682
46432 87396 40627
34888 94588 14372
74582 57934 21375
85298 85715 43163
55008 92917 45458
92848 70848 55447
17108 49314 1107
41434 22347 41111
37190 67231 677
38424 56215 32119
98666 96392 66904
63984 77337 42327
18092 99570 4915
61188 48366 4508
63384 71559 1162
96688 77675 726
43310 89958 14829
53766 55997 30929
55742 65260 13934
65922 19215 46530
6106 37107 5154
66912 45373 43994
3666 92005 1372
73470 36073 60197
26138 88910 12873
80294 60546 14813
18838 60172 10456
84752 1360 55060
75200 28479 51644
19504 57269 4973
13158 48851 7979
9948 43924 8005
9442 85020 778
24452 94264 4364
96232 30260 9140
70928 34959 64770
16862 3640 11069
70220 13080 16703
55982 4275 6789
29028 38299 7289
9030 74548 7894
9070 59419 4458
10042 24050 6516
99726 49785 82820
49056 50473 20135
13666 18070 9234
23654 33926 4724
13974 64576 6344
97856 86618 1255
53032 42421 30771
87424 58609 2801
18310 50588 12103
27610 47613 10309
84144 95528 30723
48596 32329 6162
31400 96160 2091
91474 17843 42496
23570 34725 11252
65920 18453 9842
25700 12560 25567
23554 18189 14909
10506 76671 5629
16262 1602 2267
38716 51867 6947
38258 79134 19209
87702 84753 33353
41826 48573 16689
61900 23747 12226
46422 16948 37873
73506 64959 68677
56976 42579 21315
70408 27233 17170
33964 89462 14255
8178 88118 1526
5206 4974 1040
20332 17261 2762
49746 58219 9190
99898 92639 52026
60850 41455 40239
61776 87525 33743
32888 35881 2584
81842 18008 15960
17632 70306 16561
98522 38030 5855
21632 97062 13818
66726 32240 3429
50948 98358 25581
6868 94788 1471
26802 78835 26570
26308 75577 3473
42744 20048 38259
4998 11689 3408
34122 34000 14734
40226 29602 34562
45270 61614 5082
94248 92976 11368
88072 94960 13637
47846 7706 13631
78188 70884 70504
48186 23460 12547
39314 49054 9878
38696 95284 20831
13886 57310 274
84648 76708 22285
2698 28898 2082
75700 26169 17828
43712 66951 7606
66158 32331 30303
61954 87855 41050
89192 76924 44062
29278 18578 3196
1878 72937 1796
31094 62649 15512
87570 78201 20022
16540 50321 2044
50748 27176 33242
980 56631 832
70312 34567 47651
34436 90710 24689
36170 92800 3423
46032 23199 27743
70236 92227 17568
90410 79585 2571
26910 7916 13639
57732 16217 40567
33322 26884 13176
85420 76062 11883
23954 6312 21039
72458 37887 61518
23982 11940 18849
23810 99734 19649
54746 95284 44804
38100 11875 724
91116 2303 81229
16026 30207 9680
74472 72518 52734
58140 21979 31803
45818 61910 10673
74002 62601 34472
25344 20319 13538
54658 89064 12967
44662 40605 44367
9286 42987 5766
44676 41975 33777
71030 46352 66349
59372 8082 2914
55268 55531 8489
60192 17828 25250
22386 92679 19631
40238 12578 28551
20712 14994 9374
81964 33665 35210
88758 11268 78443
50266 3614 28575
94310 22387 74649
49028 68551 46033
94480 77504 91519
68324 47930 45031
41040 83234 21439
40128 98882 11889
63956 93202 58921
20444 83817 4669
55108 35386 18707
21326 88629 20975
92766 43192 22179
29270 7999 1911
5124 53059 1513
18114 55124 12754
19790 13170 6116
77382 40330 61821
42868 1958 2750
64122 66760 56256
5810 3240 5355
87864 97152 642
34756 77786 2534
896 1423 213
16836 39026 11815
18192 75929 15400
36858 35478 5849
32252 47866 12932
95630 69479 70943
27052 67872 23200
35728 32084 27793
90598 31384 8146
79878 2622 41701
37500 9266 10659
62676 77085 888
208 64921 58
99940 60636 69491
1862 19660 664
89336 75428 177
24530 64141 7782
15432 69854 15326
81938 58192 41088
40362 68825 5951
25946 71671 7043
24272 13717 3419
54740 43814 50486
80274 61633 810
79294 21013 9294
35886 53078 6505
17020 59985 510
2260 13505 958
61112 34415 22715
55318 94976 18346
44594 2271 4150
95180 62543 51761
35846 52706 7152
36632 57721 24073
94844 94385 10376
59606 51246 36565
76202 14082 4838
82852 72706 46863
69804 34069 4155
49774 27214 124
8102 72176 5894
75860 54957 8914
59956 40725 7324
74484 38308 50648
3700 7910 328
26742 37647 17852
23430 21701 13393
59096 94481 2463
6 92109 3
54104 92913 7054
59106 57341 2075
53316 20322 13908
6684 82094 1125
69902 77018 29707
30956 95709 8415
7342 53111 2686
63002 75830 1583
11504 6433 7503
85574 80881 919
39230 80413 37019
73620 61977 70031
91046 73525 42963
43408 77273 4642
91148 46583 72975
12592 59969 10027
62074 50870 12624
37486 87830 10497
98272 44157 76224
7644 12113 7022
24292 65855 3834
37730 38515 36533
70248 47406 37704
21364 2932 11615
20692 18424 16793
68726 25855 19041
99702 18170 48540
96452 68496 4860
83824 87980 35703
54006 63734 41509
16554 79053 10013
32114 7524 24255
27124 58559 12389
15380 10934 10494
82520 58863 54567
42650 89478 16864
69830 77883 36939
17750 96824 10824
31104 38696 30200
43860 12863 24733
10908 71750 4404
41814 83642 7573
62112 17474 20714
30518 59749 24852
60208 43986 26877
39454 22446 8041
96726 52540 57339
87292 81496 86919
