1000
388506 353764 369686
545610 171787 53853
167658 320614 125941
536040 955183 65412
366234 797391 111869
316196 150210 53358
883824 322411 160798
364544 167492 351269
133760 721988 106802
127272 936126 74685
482754 315438 222544
61918 672823 41255
497598 754391 37471
567830 460865 108780
186874 96844 150388
55290 850498 53794
857180 850230 15345
953030 656276 728698
119308 824130 49210
34280 353058 2152
871374 874941 624290
540422 819783 301689
635028 592727 34867
838742 946568 505500
23656 569919 15900
345738 606508 54046
131778 60031 18524
538460 658019 98975
914406 33844 232136
474032 756777 226346
684008 988344 479215
544238 32852 338554
448624 95976 302043
591344 572835 554638
547698 137216 7328
182168 70814 137057
34788 901568 7522
897638 980709 488965
156696 985194 77324
209130 925925 44753
552834 988682 273271
890486 696619 90667
714704 12242 544716
309610 393893 224232
399642 863473 164200
181278 438004 121341
841676 782430 535725
405378 642271 162363
511474 910309 45195
368428 344861 158513
547328 830520 196693
630694 915275 114723
701780 256452 209288
811058 676177 488574
446596 450532 158974
689330 351294 176248
671646 511478 545989
836396 431394 6546
770128 413659 365422
980408 951199 480019
429262 585197 85456
191224 295587 132315
778408 562007 156426
834976 395854 484732
709650 218799 512970
944790 895204 554631
944720 134663 420801
453378 83441 271615
317918 120853 75285
377532 821553 79612
146322 582411 144693
118844 591673 76332
589986 417359 156179
303012 326301 12199
608896 670237 195265
466482 103168 227280
821028 270993 286217
421104 585544 115618
808598 682801 355187
860994 563974 497591
672484 13955 153696
179882 934956 7610
125490 755882 60171
41130 145562 12452
132740 228295 65362
15054 668862 2666
343248 159051 74055
474640 183866 116343
604090 248330 307380
303220 712050 12208
1492 723471 1448
572718 702269 120996
472884 436358 358494
237812 871281 190941
606034 772615 281435
298434 604246 34808
811308 278514 16026
612186 295276 368304
32040 630976 21136
130478 545673 22595
948060 694488 919804
734748 986336 178343
831370 195518 206101
858554 587717 38778
317026 630678 28100
881876 165305 27615
489028 700998 179154
768228 11770 120280
176868 263386 64770
318772 928033 73343
539518 160346 111615
718148 641138 145884
260230 494889 226017
3464 703379 2975
238120 762507 46552
504110 887159 183430
865956 824049 589214
299058 619540 181067
748724 89487 72935
397396 843492 241825
941284 380310 830221
998134 804253 768833
546270 501422 238081
167596 349365 107877
278222 420481 261033
392496 490494 64947
533982 583312 264216
731810 848292 98842
766774 765596 16524
677558 58383 156162
897408 340683 219218
207872 373234 196863
581410 721753 317471
622798 110609 218530
338310 621058 320646
512474 978039 216178
387056 96703 171776
614610 876732 403878
293424 859917 287414
883890 324154 547733
506130 749322 270460
963534 88956 66446
1584 181287 1412
83088 97255 61851
874970 744961 772254
757028 308338 453737
736306 164740 118052
209466 39295 128327
911158 347170 793343
724684 555692 141695
410114 498308 260485
215404 854773 79918
335684 53434 298303
415640 726049 82398
550674 346219 164763
794708 317448 290666
386952 774758 303095
8574 55770 5850
148656 292515 54651
916062 87694 573095
803368 59251 482402
495408 243636 253531
637930 792917 419253
22672 216343 18575
913094 718979 85816
978790 665204 448155
34880 29025 26648
783186 30554 369544
218056 946808 94999
327552 620460 279423
191198 937883 92146
602170 160277 113344
411410 653553 27081
888706 378040 734558
435146 538939 92716
657268 542044 608830
693564 342569 98359
493330 864332 340841
966894 469925 399578
902964 115014 369707
667588 763171 33401
358650 91380 317089
333944 384888 293036
301740 553066 177963
890326 972724 737169
556730 33631 34701
854706 2306 608126
277976 419333 182806
806244 946848 558406
902634 452554 353694
289988 137385 25964
94602 577083 5164
792702 417870 527274
244632 215723 218268
32944 115542 14042
435706 385040 419516
926556 405314 814396
222186 786745 189962
55238 981765 17810
206372 754784 74734
762900 428122 251335
743966 263477 532963
109414 430377 10492
289756 625667 229172
329196 915695 285797
774986 810372 484183
162554 615799 155370
939742 514530 583267
823714 297983 464098
977480 450961 593396
220304 645601 124620
426190 220295 133675
396346 204901 8394
123646 484699 122793
660188 344108 470800
903262 509478 606353
15196 50709 8039
160752 655434 23409
653286 290372 217306
314188 406076 59241
716238 612422 543999
270306 111303 208206
904980 816839 783414
717792 752154 661139
500526 827938 258735
614298 785469 284697
824664 421095 374911
730026 26388 219693
32876 526112 24722
715466 738734 582041
617784 884929 38506
770114 634699 210779
511160 974253 74648
527234 83388 164625
462958 180735 11879
468806 652239 226931
780214 649209 186424
457092 689858 363378
497844 597303 44838
624112 142444 489052
403490 132380 364111
442198 229359 166025
606430 661792 85829
957000 301835 185916
919566 192428 156816
381628 989944 234220
412820 899285 242360
746240 636813 479895
345988 521707 296842
759228 335285 457017
647830 6231 143032
482262 785207 437452
622640 343948 457384
729828 510883 595360
759592 912668 647018
145460 3332 13306
71458 852310 4504
303254 831860 1184
970302 678083 316033
696124 36531 131037
718640 745848 324297
841612 15345 212168
945390 533050 377559
994926 699619 370791
464364 14624 297986
851522 187684 217795
157440 606335 73685
422660 369565 182943
68970 124114 7603
841682 712248 53412
40020 626657 12993
42018 351669 34126
271300 801191 147869
632866 411112 159224
956514 468323 848878
712976 357382 335277
265088 508326 176223
596818 297759 392154
397280 115085 9902
379768 282965 16249
53876 301309 12586
153068 734475 29971
21932 420829 13456
469732 19634 31867
185500 641259 30115
257548 582883 140414
848882 476409 340353
963908 226724 229626
218768 524688 87622
548610 569154 120197
402292 276274 362215
276590 639393 62787
526600 143689 207199
752680 365123 703453
602560 989397 74470
421840 602255 95042
829658 675649 294766
867354 390120 743636
91400 999849 84747
295326 808258 55555
289464 290236 197121
513950 457212 256682
771568 121055 431229
467156 610790 387904
155422 570606 131467
923024 822186 790226
25094 776074 17912
772026 583691 155753
790720 91456 381393
914004 622000 450005
744908 723696 41101
954104 398418 914127
544994 574537 389944
90348 646931 38706
519416 997208 143023
215160 204158 74880
311328 841331 253005
537332 754509 245080
995572 563304 742573
999256 179967 650079
729418 501533 277575
431040 408764 108879
974184 457001 908821
510134 599812 254693
48462 437525 33730
73506 846783 26141
590780 359641 282918
615330 385423 432189
984486 784217 638644
33216 213394 30380
7096 811009 5537
46026 201714 42733
852298 675318 498008
930126 117942 53630
749206 589827 550023
24988 108626 3766
149472 554187 38608
555118 478280 327385
950016 781526 429690
901124 634267 45718
935552 150220 675035
553938 518727 103879
356322 416834 14277
759024 620719 120736
111454 710302 38669
954068 961197 357886
295338 166654 178625
398980 594851 154146
807944 499842 638284
211230 196528 31997
307888 159175 80148
451674 296238 284025
171764 366021 86244
160874 573271 68814
272706 902307 64057
284548 952997 271008
132936 250833 84155
504800 328283 503999
788182 127429 454276
285360 452476 88197
470706 668957 434684
869954 126363 347210
400238 377522 269521
872262 892832 861964
901512 549977 70296
653342 482623 160445
520036 916502 108563
431744 10114 101455
305966 268663 305753
779386 705 530572
641770 582255 265484
77280 101556 12067
311464 458361 282013
647502 663777 263242
917532 80375 721597
485860 162026 75252
783176 692023 213017
207486 422189 41828
936176 630535 926571
675336 272987 107859
360638 753037 86010
757010 949395 402901
408520 505497 194711
200834 128315 107079
294254 35562 277380
172924 948350 81925
296000 23480 104719
322718 721635 282133
617446 787424 555275
707050 216286 205941
294546 525833 7815
417776 288695 247591
516568 820247 934
16148 421271 15536
584474 500258 243958
520490 891599 79504
984686 784986 741847
462570 996781 170744
279060 493854 181379
785804 878521 155985
522534 290617 431200
461182 413872 259915
234260 766576 140146
242 490613 207
806198 744968 687016
70426 428845 27956
883426 490887 754466
174662 164868 114895
679606 448663 255497
541498 730659 368344
947614 762113 434362
594360 199910 219191
164006 628158 2623
851440 846453 33757
75002 966521 37225
740762 889483 198527
838672 764743 7550
761708 896366 41092
615692 381136 362601
726322 564861 305146
788972 943430 93668
487532 264340 223348
814810 234884 266943
101664 74044 87085
816552 465815 168823
964584 607053 346128
108272 707368 73948
842976 629777 153285
717814 878903 522229
94748 144245 55918
197126 783863 15072
927212 547852 783084
978514 382929 353805
527788 329574 414918
122458 341365 17716
404056 227515 31570
446318 621949 191444
360132 373492 232443
670346 997647 188200
801710 89078 93866
325264 821620 5546
746052 530810 658867
627208 621243 361724
346226 562920 101280
270734 255230 96477
519510 615599 294564
481566 560484 274184
89632 138364 52226
588544 105259 26327
496916 508805 319482
566864 320724 205712
457308 958612 239920
111776 816471 62285
656666 552326 124196
756264 81731 92390
21474 42368 13467
491390 371764 79688
944266 118150 312975
986596 49549 967251
387010 874539 184246
327304 422111 269906
865444 935282 50751
633890 715484 303625
624504 900024 253897
190746 687294 25085
370444 465431 225873
392428 787588 175890
693406 410593 291681
328200 957322 63130
3578 936410 3124
399240 968427 192953
997878 748697 867302
848860 816950 745209
807782 116795 233225
165200 662049 22154
690194 875160 680218
711512 283025 287878
180270 364570 51413
861508 598632 610707
455126 26445 37337
121862 533073 3828
905020 831287 837158
379504 431086 212174
362634 293595 282003
734832 248120 184744
64104 307584 29471
465296 224259 463038
193956 750874 17612
220488 569216 32372
662728 927882 559699
838612 143734 834568
524722 831831 159259
282392 922707 277048
696274 496673 104933
582730 286429 5887
204540 127106 70106
66226 962324 13325
6722 542090 2003
510172 595342 435782
998992 381905 754734
421020 791001 115634
865984 44004 304805
288940 788622 249120
616958 311006 580020
585042 699794 132362
771958 2711 158642
209248 231381 108933
985332 249837 145136
692208 579362 406210
645376 425437 33705
181764 341547 67116
451496 522846 135230
635336 218405 288908
521464 28697 98533
345050 715379 109976
505740 807681 473270
628306 182840 151706
797012 187502 702031
284866 268229 213302
913172 13367 525430
430658 329774 393020
275760 975862 271090
240714 506926 168783
116226 284540 94988
158774 970646 80645
333540 126518 151219
553828 538377 128869
199264 911382 27897
839616 536380 557903
436934 346655 278987
527246 138848 247644
371920 716152 215362
784112 149036 129781
942084 236119 321443
342386 699903 116897
436286 772818 319378
971970 698350 129580
52782 86605 40615
734444 389686 647814
858758 723852 753634
714246 826192 240430
538306 25563 525645
707038 362613 407525
719820 90986 330569
997734 240493 469653
186752 923478 35314
584408 640946 379899
19370 631102 16560
252722 715158 208123
870308 867324 634754
118082 934737 35181
590402 897165 72696
31276 443630 1888
786576 645973 411024
200356 964495 183452
203244 383363 102115
177470 395751 115370
511888 725795 132938
197978 603797 103366
688340 97235 95213
971952 870832 547471
683916 547980 268636
453254 922467 23530
929288 128169 244313
600304 622988 375907
493454 95194 256215
945752 330248 43610
423718 787424 402504
79022 52275 72176
258816 109296 133307
467220 130215 284205
719318 504231 462042
818896 767396 782457
230584 681613 177446
630658 447180 198579
281890 137352 103514
45712 598645 7080
906842 924126 458529
52576 677519 8177
853882 356567 470737
858858 811452 249787
622918 468463 288335
905036 407890 33797
876344 23380 418147
427394 623734 137639
316742 657046 238680
142382 953942 39685
653010 551866 636545
980742 404300 175232
793290 866672 630156
344336 320406 201059
752834 904419 27342
128802 530055 73439
38030 54774 9772
992024 710695 915478
151758 280260 105269
212858 741002 131925
906536 453166 87583
337596 565344 146792
607574 129676 141651
4452 458453 3980
94898 579185 71967
861056 688668 517789
47842 84033 87
604720 947819 114097
598320 181386 105495
901864 238980 57636
301138 2917 238130
848172 997098 727618
938180 994745 702027
196118 849551 117351
592284 291705 261145
404422 504669 372703
805610 659944 104945
490728 61085 12868
598516 700717 149550
363444 215275 243871
130628 583475 46790
416402 278411 121491
514040 150055 20324
107980 295285 27518
326452 72732 301889
976970 238293 219405
662596 349539 53965
159886 166336 115682
981872 975818 75227
372916 564130 56262
370404 454039 13384
749748 823850 658724
460658 966782 131910
711612 217970 516032
275826 816051 153780
922952 647113 67451
991620 691266 31751
964030 256723 220159
219690 666889 77890
268278 267189 33689
949462 239391 43274
905368 543580 896942
484370 747057 209137
658082 265500 430094
649816 17171 540368
476098 720399 239210
525276 198859 327535
746560 430475 21187
691478 938740 453992
606276 885598 53847
497012 705636 192222
545682 921792 207318
62840 422100 35541
620000 543958 491089
955084 924338 802858
130864 226401 50824
258380 340852 62982
868002 988577 208093
574850 755571 301412
125490 784785 96259
397816 671096 82298
293390 764759 207609
515610 699983 26763
422450 542691 369491
459564 884573 234823
177004 34999 63418
609752 285936 5532
522642 578629 470332
50134 546663 30781
641322 691435 173139
697620 537482 41853
715874 120745 273974
82900 342260 11978
38992 15399 11087
504432 665513 38797
672814 30960 17433
26140 625900 18329
817488 104258 86196
12462 11534 838
740638 585228 539938
529166 66650 62241
453040 288251 308375
245860 883537 166050
870380 175311 533163
620914 980763 376458
115116 885066 89909
910958 558706 179373
332040 323193 21109
937842 474909 720364
550758 708326 399556
248548 545070 111120
450980 755282 423850
558922 134190 344344
813722 928978 683301
193882 128892 160271
805216 301762 455885
855124 641095 464724
750094 858744 256063
993828 474684 688280
206902 254179 664
960158 369957 743310
289640 566555 180672
829006 781804 519845
611178 323916 299103
138348 767429 129081
179570 5486 41941
709638 318893 8127
675848 36050 314375
615144 31818 491258
38566 37715 6674
764332 401944 171968
273798 589764 154137
452734 774268 374236
629246 763346 101817
80060 574181 45868
293012 562771 195408
459800 423464 345006
214288 867570 74324
580612 449855 204979
63594 77574 7782
862580 567783 96577
834516 608978 431047
349948 590143 51588
252772 351368 126258
486472 691470 51674
526366 623298 403867
364532 149266 248387
5514 847172 1250
58730 701453 40905
6136 406042 4046
883546 971631 848636
191276 836264 130979
474018 391599 121116
920720 140421 12349
756356 825736 160071
372494 475213 64611
66758 315917 1715
801660 337262 351478
641766 405689 261677
423836 315391 146250
249926 230635 39343
605948 912475 74341
131248 227011 46743
143158 664308 38790
38694 592832 28996
365984 223028 47962
911424 817936 57013
696248 49895 387737
888856 15990 73040
680894 865525 321299
193850 29423 89169
528716 985999 363831
656820 232690 382395
400582 324612 391279
595666 669211 331041
15096 446496 5444
494048 156406 435282
887674 895135 395963
871394 745208 121655
85738 595947 79926
6176 585126 5111
891012 101239 598758
216354 676243 50133
750408 372792 184756
120760 96993 75348
694312 346496 34791
822310 41140 131579
96236 936263 81602
428250 598695 131544
569262 789975 27498
816788 347356 64544
56098 100467 341
791212 89004 69488
258760 137146 190905
909438 488104 850935
617030 21968 397322
891906 813399 710028
91352 521341 4006
195312 687229 4711
291818 541221 212421
163402 453539 26356
868900 766265 220751
239444 262867 7906
163652 368841 97354
845570 66985 20823
644334 219360 459659
522946 267269 82855
713032 287242 145495
314940 403321 167866
478450 162378 31451
572194 361175 269908
1186 578533 476
504386 749492 375802
116154 923054 101465
107536 748996 93378
478992 2201 233273
906910 790089 350984
883428 264660 42994
421342 988962 118011
390186 493666 140703
731782 976886 59402
880530 522113 492219
811626 554190 115352
43916 749913 15046
755210 577193 553804
402942 4208 321777
230302 732430 213457
985410 977820 860444
608108 296318 334381
228316 27348 152424
131642 751405 110207
989604 687709 49736
378624 565462 80777
806434 20255 570510
475422 553954 441754
911636 236999 21813
51668 142663 39056
302324 540209 52500
971982 898146 589245
998588 228004 431327
750718 539997 582278
719304 490309 399334
48320 422553 25722
864140 618121 130821
919774 118700 466417
661498 803780 315887
431114 833916 118996
878396 148276 398079
71376 322926 48353
344270 495010 126965
644664 515298 109149
766456 688022 68093
250846 393442 237275
163834 603056 97361
781330 128082 208337
98608 754861 503
444340 263636 119661
69008 360637 51743
353140 820910 233166
91878 840953 36288
810758 465080 112590
332192 27258 271084
186640 884178 98750
773238 187051 91008
483286 604533 57216
858960 810058 784345
511860 762604 47417
933560 1845 830771
539774 707655 435914
371972 762139 101819
380770 172982 177988
80096 182920 51055
575424 833351 176980
799840 143439 788389
550140 234505 355760
566056 103979 201066
673730 341686 75748
722998 17700 626116
426852 269952 310394
655232 679054 164173
462542 38367 35160
934856 594657 426813
457272 500463 221846
228698 523011 10246
462058 943855 76238
678158 141650 103360
712520 740502 358500
505150 492382 278803
246564 528710 160454
249820 663121 28074
608150 9713 512316
872502 752622 693963
775000 250256 547968
972196 636675 5726
304030 63746 126681
762742 220871 429745
439116 511835 381865
365340 311424 285674
116738 21733 63646
92960 103655 49682
528240 981365 188553
905666 947747 362424
938472 885651 55243
460470 8509 270657
573484 462458 562837
259242 758009 16920
878052 851233 81770
752254 373344 598630
377104 160226 194169
146520 290781 88279
675724 805354 290099
979834 480909 823594
127434 481496 84917
183218 571294 51687
573218 491677 224595
488576 173372 356341
608226 94970 568145
928154 22668 45224
496478 9635 415785
488176 267035 140302
661066 45241 154952
476598 635290 276023
630648 796804 149176
583888 982879 286275
342104 691282 99634
762786 829641 219964
379980 32683 38533
375466 522239 85239
368918 930485 185511
185428 943359 9201
647040 340949 27849
805164 395748 266727
602254 613858 138026
437214 945755 354606
470454 945687 327623
238830 252530 141973
8914 972559 1358
520808 126462 399820
468460 328603 173075
17624 518456 3403
352752 547434 206261
377362 786483 303668
876246 437037 174784
296312 385262 96606
977596 357409 45938
541292 617802 116888
91086 815396 6423
962482 198459 286127
341248 582128 93111
405132 934031 25382
272654 238544 144078
674604 327408 191245
441208 106779 280031
880744 648913 873390
946730 77125 574034
307842 700603 14051
844866 13456 58861
195216 375884 49277
335944 706700 266826
896556 678274 225871
23350 54324 22672
570604 822150 179581
116742 520359 62051
92488 759826 25369
278406 987322 185055
675576 913666 227042
360770 354386 169850
587884 144237 9002
595692 623566 251237
413760 507692 124488
981616 560050 121494
502882 385169 480633
497548 183101 42522
499922 954063 299887
363666 765937 159064
465732 433354 235379
283648 394615 176017
308980 464744 30408
556180 112997 30740
165912 148575 127539
97262 30916 45743
987998 812594 437820
374778 412457 102543
47128 438711 22957
723098 26580 177614
174558 589003 43864
324696 711248 187634
766328 304495 449550
786944 844732 161796
441962 5965 9419
539106 605174 130172
465432 292058 193267
332266 185644 156808
655000 223923 310310
320150 506873 256796
66268 4262 46935
198226 272804 185677
404496 424595 90395
862456 690341 676690
917852 443721 664441
112274 433427 44736
475282 774440 71372
413598 833155 351727
20732 270039 5653
684378 379968 164390
873992 536587 407661
515166 240965 27636
957100 834807 549160
482372 861111 341069
178556 156306 102123
704454 675737 322429
805038 705288 535567
82512 590317 36451
912822 697664 474438
890658 762334 520184
566310 349973 68914
873116 77611 849550
38212 422521 29375
185204 37841 110593
593170 716454 367382
454156 600811 228984
983570 123806 200637
479400 112653 464534
