10000
58 38 26
60 18 16
42 36 36
94 9 3
24 53 15
56 8 4
68 30 33
52 92 32
40 19 8
22 92 2
8 61 7
64 76 32
10 54 3
50 79 23
60 19 9
16 49 13
80 75 42
8 26 5
98 72 97
10 91 8
8 13 1
64 62 9
100 82 88
50 58 2
58 46 31
74 80 31
68 91 4
62 27 26
66 63 6
86 20 78
86 57 34
72 64 69
6 17 1
16 6 13
52 42 21
82 44 56
98 89 33
40 35 22
36 66 35
78 34 56
30 55 12
56 53 11
52 1 2
70 30 69
16 29 15
94 34 82
76 73 58
52 85 16
16 32 3
80 42 18
76 4 21
84 3 72
94 3 86
32 4 18
8 39 2
26 6 6
96 46 4
8 69 2
92 12 55
12 13 4
98 12 57
30 35 25
86 32 58
42 65 3
80 95 25
66 97 39
50 74 23
36 51 13
46 83 12
42 44 16
28 13 24
26 37 26
46 52 38
78 9 46
50 41 11
90 32 6
2 78 2
48 15 27
50 37 34
86 47 31
96 73 2
12 54 2
38 24 16
94 56 24
82 14 6
68 59 20
68 48 30
46 81 42
2 1 1
10 94 4
64 84 58
86 65 76
6 28 1
52 85 9
2 78 1
28 70 7
10 18 10
56 46 11
22 18 9
64 14 23
96 31 89
76 38 23
40 99 20
54 58 34
90 43 68
62 49 43
48 67 1
70 34 51
74 68 54
22 49 2
20 71 15
30 38 1
84 11 9
28 28 28
44 55 26
10 68 6
50 59 26
2 29 1
20 36 9
2 7 2
54 17 5
70 53 49
70 70 17
52 42 13
6 97 6
52 58 3
86 92 8
28 82 28
42 59 16
80 20 41
72 88 40
76 17 14
46 80 23
64 41 16
72 15 68
64 54 34
60 81 57
62 7 5
18 83 6
32 39 29
44 25 39
34 76 12
26 13 7
34 86 21
34 29 28
42 55 42
64 26 22
98 76 35
40 92 17
28 23 3
64 46 36
52 12 26
82 72 18
22 39 16
48 79 36
80 78 74
82 78 22
78 100 74
28 24 9
64 95 16
100 25 97
4 27 4
74 81 34
94 42 58
52 42 52
48 21 16
90 3 52
100 26 94
6 26 1
72 90 7
68 37 26
40 32 25
44 63 13
8 30 8
10 39 3
60 15 14
96 2 9
44 48 35
64 65 3
26 21 14
60 85 22
12 18 10
82 87 71
14 33 12
4 76 4
64 36 8
84 80 57
76 9 65
6 33 6
16 50 9
72 70 65
72 48 3
94 79 35
24 58 17
84 95 46
40 2 5
40 68 29
82 75 46
54 60 28
26 6 12
58 75 19
18 24 18
16 72 15
48 39 20
20 50 13
22 47 7
94 2 41
38 15 30
52 37 25
76 74 38
92 65 59
46 81 36
72 42 17
26 21 21
10 35 4
76 6 65
90 4 47
54 44 45
38 2 15
22 94 2
4 3 3
12 45 2
90 35 64
60 43 5
2 59 2
78 81 15
72 3 4
66 100 46
68 90 48
50 83 3
2 72 1
56 38 27
52 18 47
2 87 2
40 94 40
50 47 14
94 51 4
60 40 38
36 59 23
24 17 9
80 33 10
32 26 11
82 47 25
8 22 2
38 17 33
38 20 2
62 60 27
50 18 3
100 85 66
74 99 50
34 28 9
4 13 3
72 40 49
76 79 11
98 59 32
80 38 2
92 34 24
44 2 17
68 2 41
88 25 53
22 54 21
14 10 12
78 65 7
26 1 12
26 73 24
16 1 10
100 89 9
70 80 44
2 47 1
86 69 9
24 67 15
82 6 9
76 60 7
12 11 6
4 95 1
4 75 1
18 87 9
80 67 15
62 3 33
20 3 4
66 39 12
40 34 18
92 70 54
74 71 63
40 88 1
48 23 35
66 70 56
28 33 23
42 44 8
14 71 12
42 31 36
74 62 49
24 100 11
98 28 20
26 10 12
92 71 47
50 64 8
56 72 15
4 94 3
76 87 33
44 5 39
96 5 29
58 8 6
80 22 77
40 27 29
80 69 62
34 62 19
44 91 28
44 39 34
2 64 2
20 4 15
74 1 49
44 89 1
76 57 12
58 62 54
68 1 52
98 78 74
20 80 17
68 67 32
84 66 11
8 41 8
8 58 7
30 14 8
38 15 29
58 64 28
62 46 4
32 26 13
88 76 87
28 84 8
88 11 57
58 88 16
26 1 23
94 14 16
66 91 13
92 97 7
78 74 58
48 85 9
34 24 13
6 20 4
80 23 77
84 24 25
50 30 43
42 9 3
14 11 8
94 75 87
2 86 1
74 37 25
72 47 66
6 72 2
82 28 7
2 45 2
2 8 1
74 57 10
48 60 8
52 41 40
40 4 21
42 92 14
6 42 3
10 17 7
44 94 8
8 83 4
22 92 11
80 78 49
62 85 15
60 55 34
86 40 81
94 20 18
28 46 9
28 62 4
86 73 22
30 83 17
72 80 49
92 66 87
2 37 1
44 91 1
2 55 1
38 31 36
18 35 17
18 67 16
6 6 1
80 79 6
36 14 17
42 17 36
40 38 20
68 45 68
88 33 8
66 78 35
8 67 3
4 39 3
54 1 46
78 17 5
58 49 35
14 64 13
8 31 2
30 46 23
22 18 9
44 98 10
52 38 24
4 56 4
78 80 61
76 39 45
70 79 36
34 8 18
26 67 16
44 49 29
86 73 5
20 58 6
2 7 2
80 43 9
24 96 4
56 45 20
70 54 65
2 92 1
12 4 5
62 65 41
10 25 5
32 88 5
60 74 32
84 36 49
78 90 7
50 1 16
14 72 7
100 91 43
48 40 1
10 43 7
62 36 39
76 68 60
12 15 10
72 11 33
48 47 14
34 25 4
20 60 9
84 10 26
18 26 7
32 71 4
40 50 36
24 82 15
2 52 2
66 95 32
12 23 12
20 100 2
60 71 40
94 50 48
90 81 36
14 61 5
54 89 53
44 42 28
74 72 67
52 42 20
100 19 17
54 91 30
16 31 12
34 40 5
56 91 7
6 57 3
74 84 8
42 16 6
12 68 4
28 21 21
4 75 4
48 67 14
92 74 47
48 80 32
32 100 20
50 7 40
26 69 6
84 87 32
74 32 5
18 59 3
70 24 28
22 32 3
12 7 8
14 7 13
56 25 20
90 16 4
76 38 40
4 82 3
94 67 46
8 89 3
62 77 30
76 30 7
40 7 38
70 88 14
62 64 36
52 71 18
62 51 6
66 13 52
86 86 2
62 11 18
94 3 75
100 60 77
36 95 29
24 94 2
48 29 3
98 11 87
88 36 64
32 81 31
4 47 2
26 2 14
40 83 8
44 66 18
94 17 38
30 20 10
22 60 13
24 78 1
2 64 1
46 42 39
66 18 29
30 50 2
86 24 82
48 11 20
72 99 18
72 18 45
82 59 53
52 86 13
94 65 93
2 48 1
100 73 5
84 73 8
72 44 17
86 63 50
98 39 49
74 60 13
2 92 1
86 42 24
92 45 31
88 89 67
2 44 1
24 29 5
66 50 9
36 51 9
60 83 5
30 12 24
80 40 18
78 23 61
60 82 35
42 87 24
64 62 59
2 26 1
62 15 6
34 78 29
74 28 35
82 3 14
30 27 17
8 75 7
26 37 10
88 79 27
38 76 3
46 69 3
30 21 27
16 16 10
66 13 58
72 93 55
24 45 12
84 65 30
44 69 10
6 93 6
88 49 22
2 78 1
82 40 3
64 28 44
8 22 8
74 35 44
46 2 30
50 39 42
98 53 20
20 32 6
16 49 10
16 5 5
92 84 46
78 25 39
60 40 29
48 90 9
76 4 25
14 57 11
12 31 4
80 58 9
68 56 24
32 19 23
96 28 92
30 13 4
18 77 8
36 60 11
76 12 52
2 88 1
14 14 6
80 82 11
58 84 29
92 84 38
82 7 24
78 94 62
38 60 13
48 70 38
24 81 6
44 62 18
30 59 5
54 55 26
58 64 11
40 87 30
6 70 2
74 51 19
2 4 1
80 95 11
86 23 17
56 8 15
88 63 9
70 18 28
30 89 17
2 56 1
24 3 20
68 51 22
10 62 8
44 17 1
86 8 75
58 82 32
84 58 77
90 7 50
86 69 9
42 92 4
48 8 2
42 34 9
60 52 48
36 100 9
20 32 13
88 91 13
74 18 17
16 66 3
100 13 40
6 62 2
4 92 2
100 27 8
100 35 46
38 95 20
86 73 5
72 40 8
10 60 5
14 28 12
6 35 2
70 31 35
98 86 15
10 33 6
22 25 18
94 61 8
82 91 42
14 99 9
2 30 1
82 73 81
60 93 6
54 26 43
86 29 48
54 18 34
48 13 7
20 10 1
46 48 3
52 66 12
52 93 35
68 69 11
4 24 2
78 44 52
2 93 2
34 85 5
14 80 3
80 71 5
8 24 4
92 62 36
76 71 63
38 38 2
78 39 58
34 37 30
92 22 6
98 93 98
68 23 11
92 72 60
70 64 22
20 55 10
86 54 41
70 19 34
98 17 61
58 53 16
12 68 12
36 70 19
88 43 23
28 66 23
40 87 21
82 1 12
68 16 39
68 35 33
52 25 1
28 41 22
24 90 9
38 53 23
14 83 5
76 82 6
30 62 7
98 93 44
54 82 2
98 86 28
26 36 15
26 99 24
100 13 9
56 70 9
62 17 31
78 24 49
62 42 56
6 4 4
78 41 78
48 52 46
80 34 27
62 16 34
18 50 7
94 77 72
54 76 12
42 92 3
24 9 17
44 10 44
58 53 26
28 64 27
96 7 50
22 57 21
78 9 22
86 32 84
16 28 5
6 21 2
82 34 30
60 30 11
38 89 38
30 97 9
58 39 18
42 3 31
54 36 11
52 4 24
22 16 6
88 81 44
46 13 23
6 41 1
78 62 29
80 43 51
66 53 28
60 7 13
16 59 12
10 18 2
16 49 11
16 20 15
36 89 11
2 9 2
68 7 60
82 27 6
86 85 75
54 80 31
18 85 9
2 85 2
38 24 18
76 31 25
42 41 40
84 92 83
8 73 3
80 21 65
72 16 26
4 81 3
98 53 91
12 61 2
16 1 6
70 8 32
60 42 33
54 26 3
44 12 13
68 19 2
2 55 2
32 24 30
56 63 22
50 32 7
36 74 11
58 65 39
64 55 10
2 58 1
18 11 1
70 39 62
42 58 11
2 14 2
18 32 18
28 91 10
70 32 18
54 46 13
92 38 11
22 39 2
64 99 31
82 79 70
94 38 87
20 18 1
20 10 18
82 35 60
84 32 10
50 2 1
42 21 26
18 37 17
56 49 33
48 36 10
94 46 36
54 55 37
80 85 49
10 32 2
28 68 8
90 94 48
20 13 1
14 88 5
54 21 53
36 88 33
78 28 12
28 14 8
8 21 3
76 92 59
24 98 23
26 33 7
82 10 40
10 90 10
28 91 21
30 33 3
84 12 72
88 64 86
40 58 40
36 24 20
74 71 44
20 5 17
26 46 7
90 69 39
2 62 1
58 78 9
34 97 26
2 61 2
86 75 80
22 65 2
58 62 30
42 82 2
22 10 11
20 28 16
58 50 41
4 7 2
70 46 12
22 60 8
12 9 6
60 18 55
14 53 12
16 55 7
34 32 29
88 47 71
12 99 2
24 39 22
22 79 11
88 25 27
76 8 13
38 80 13
10 55 5
8 22 8
6 32 2
98 9 12
96 69 57
94 80 57
96 56 63
14 7 5
52 70 10
28 16 17
52 79 39
46 65 15
76 94 32
64 63 31
46 48 35
60 71 22
66 5 13
26 5 8
46 52 23
26 32 25
50 94 10
20 17 16
60 4 38
18 12 17
70 61 65
16 19 1
36 51 5
72 54 20
36 99 29
94 53 87
56 18 32
16 74 9
64 21 3
28 50 25
24 26 3
86 82 4
28 83 28
42 63 13
74 49 37
8 94 2
88 3 64
46 77 9
34 80 9
82 8 35
8 34 3
18 53 8
84 45 78
54 82 25
74 51 31
58 42 58
16 58 7
18 67 8
38 100 20
78 94 7
64 6 52
60 18 50
32 29 10
58 55 3
32 66 11
80 58 9
94 31 89
98 91 72
98 52 13
54 16 40
100 83 34
12 61 5
40 23 19
92 20 49
30 17 16
40 44 9
34 60 22
12 86 2
88 2 39
86 18 11
24 96 8
52 30 8
20 67 16
60 14 22
30 71 29
40 3 1
24 80 13
96 13 54
94 78 72
82 83 57
64 42 3
94 61 42
24 32 9
36 40 32
58 94 43
56 37 36
66 29 47
22 20 13
50 47 49
20 99 8
6 81 1
66 87 18
68 21 3
80 19 28
18 33 11
86 91 52
62 26 61
40 33 8
24 100 21
40 78 14
18 92 17
62 76 46
6 77 2
70 63 42
42 44 27
90 24 9
24 76 11
76 67 53
96 86 38
32 10 23
28 15 27
66 59 27
80 65 23
6 62 1
54 73 44
90 11 85
98 69 71
60 22 43
6 33 3
30 91 28
90 93 63
28 49 15
26 86 1
8 54 1
52 9 32
10 1 8
40 19 8
88 54 62
92 86 47
94 8 22
98 26 42
42 16 26
8 39 1
58 32 14
70 20 64
84 3 73
78 19 43
40 61 15
66 30 7
58 45 10
14 41 5
10 15 2
72 59 70
40 9 11
14 75 13
60 72 7
36 97 22
34 61 6
36 20 29
98 89 35
38 58 35
22 78 11
14 92 2
100 92 92
60 87 19
86 82 57
18 70 12
46 65 8
14 88 8
46 76 9
68 42 26
22 61 12
12 69 11
98 3 16
18 22 6
78 32 12
2 60 2
22 36 11
44 7 1
14 10 10
52 75 34
90 77 47
42 21 41
12 77 2
20 34 6
30 25 14
66 32 33
34 72 27
6 63 6
68 59 17
16 29 8
24 57 4
26 35 2
96 66 36
8 79 4
8 97 3
90 2 84
46 92 40
100 70 24
58 1 38
78 43 1
32 82 1
90 56 26
36 29 25
14 16 5
92 50 51
4 43 4
24 56 10
92 79 59
14 83 2
10 51 2
90 51 46
8 32 2
80 9 25
66 10 16
50 2 33
10 57 7
98 28 49
16 54 15
64 93 22
32 83 17
4 99 2
52 71 37
30 49 7
2 73 2
52 90 14
32 17 23
88 37 64
40 74 13
84 84 11
32 46 18
70 45 32
72 42 32
48 25 23
32 46 26
40 57 7
40 97 6
60 75 18
26 54 13
92 3 83
36 73 31
4 96 3
36 82 23
90 39 19
50 48 30
12 15 11
76 50 9
74 62 66
62 81 22
16 58 9
96 91 89
72 55 25
74 90 15
14 42 9
40 54 35
12 14 12
2 68 1
50 30 50
90 47 13
74 32 47
8 54 5
86 36 51
10 35 5
42 66 16
56 40 5
78 3 31
64 25 22
88 56 23
34 53 19
56 16 3
84 44 9
84 65 53
46 4 8
82 9 46
74 48 32
46 57 16
4 69 4
2 6 1
14 52 8
4 80 1
42 73 2
48 38 1
76 47 20
42 44 29
30 67 19
16 37 11
50 46 43
64 68 18
68 51 30
22 75 21
58 66 32
22 4 8
36 92 14
40 84 31
60 67 6
80 50 37
80 33 21
22 3 5
14 34 1
68 15 51
2 58 2
82 43 44
16 6 14
36 69 29
94 53 92
30 84 10
76 90 1
76 50 26
46 80 7
60 47 31
90 26 36
60 86 52
48 58 47
20 89 15
24 74 5
52 20 24
42 57 9
66 97 45
22 59 11
18 35 3
74 83 23
2 24 1
94 1 43
90 38 84
16 18 12
22 58 16
86 78 46
66 6 22
8 75 6
64 42 6
42 72 8
30 41 15
80 23 22
84 75 68
4 67 4
28 4 22
58 25 49
16 77 4
46 2 29
78 47 25
70 41 39
32 93 8
22 89 8
2 23 2
66 47 21
8 47 8
44 1 41
50 6 42
26 41 7
80 52 2
62 65 27
72 94 25
12 20 2
32 70 4
64 44 17
50 58 16
74 74 21
20 66 4
38 28 4
80 39 19
60 38 17
80 49 77
12 71 2
44 30 6
48 42 21
96 72 36
82 9 77
52 19 11
80 50 9
28 12 2
14 56 14
32 97 3
82 99 5
20 90 2
18 67 5
78 14 70
68 54 56
28 86 11
72 40 16
98 8 12
78 54 30
94 6 48
84 43 68
54 86 15
94 90 37
72 46 28
54 87 3
80 45 80
24 78 18
66 30 16
52 5 25
42 52 2
46 65 30
76 59 59
42 97 11
64 55 59
64 38 32
82 56 7
54 16 15
84 21 13
52 95 4
68 23 2
42 7 18
58 69 46
96 61 32
82 70 72
34 19 22
66 12 6
78 67 61
26 100 6
24 99 15
30 43 2
78 69 23
52 57 38
82 87 19
84 7 80
58 13 57
8 65 4
66 42 33
8 40 6
52 27 17
86 23 46
98 3 51
66 100 8
54 73 46
58 5 30
84 32 15
48 47 5
78 17 77
92 34 62
36 10 16
46 17 43
8 28 7
12 76 7
32 39 6
32 80 27
8 49 1
16 44 6
10 76 4
72 50 70
96 84 7
34 70 32
14 28 5
82 78 75
84 24 22
96 38 42
2 52 1
76 24 9
36 15 33
2 69 2
88 13 53
32 95 7
76 35 7
44 86 10
16 57 13
52 66 40
90 28 12
10 18 7
18 91 13
86 73 33
36 95 13
14 52 7
44 6 9
82 41 50
64 74 29
40 95 23
44 53 11
30 65 8
76 9 19
82 88 31
16 2 3
26 83 24
72 55 13
72 67 20
64 35 20
28 91 9
54 41 37
64 46 13
68 9 9
78 35 56
90 65 6
10 25 6
98 31 91
4 15 2
60 100 7
48 19 42
58 77 28
74 57 59
34 47 11
78 20 60
22 31 8
26 1 21
60 84 38
20 87 14
58 48 38
42 22 7
72 58 10
96 22 61
34 61 25
58 56 38
68 28 20
88 57 59
64 2 23
38 87 17
2 56 2
30 9 22
64 33 7
28 39 26
32 92 21
82 83 31
32 82 29
36 67 36
4 61 4
20 91 9
4 65 2
8 81 4
40 83 15
52 20 12
68 2 45
34 37 3
98 84 70
26 25 18
58 18 7
48 71 27
78 57 52
82 26 80
4 98 1
8 9 3
84 73 51
46 98 24
46 55 40
70 93 47
12 79 12
28 96 9
88 70 17
70 100 20
10 79 4
96 59 3
4 14 2
32 85 12
28 49 5
96 82 91
50 21 47
76 32 8
42 14 19
98 95 20
82 100 61
74 30 60
84 52 14
98 7 55
94 64 3
18 3 10
42 57 11
6 31 6
68 40 31
72 2 10
6 31 3
68 35 34
44 56 26
28 20 6
66 47 35
18 91 14
18 19 9
56 77 7
84 67 21
90 21 42
54 37 5
12 71 3
84 7 9
58 90 18
60 15 2
36 46 28
84 98 12
50 44 10
18 80 5
76 89 23
56 38 36
20 9 15
36 57 25
66 19 54
64 40 43
30 87 8
18 85 7
24 92 16
54 60 10
18 68 8
52 26 9
18 39 1
64 35 49
50 97 23
66 42 35
80 24 60
10 56 5
60 48 31
82 31 7
86 41 82
42 37 23
6 30 5
96 77 87
66 82 26
96 19 33
30 25 7
20 21 18
86 59 3
28 24 2
92 3 80
20 18 16
14 62 8
30 27 4
68 29 47
86 24 14
22 5 4
22 9 7
46 82 17
66 37 42
80 37 55
58 11 37
82 70 5
76 12 15
78 9 13
20 20 9
2 1 2
80 66 37
64 88 2
40 76 29
2 50 2
16 45 12
12 51 5
10 26 3
20 19 15
66 3 45
70 36 29
42 4 15
78 71 19
2 88 2
56 16 38
44 45 1
68 38 30
78 78 72
50 2 7
30 70 7
22 78 16
36 20 1
90 37 59
2 39 1
18 60 3
92 51 39
38 100 31
34 71 9
82 70 60
76 43 7
56 25 41
66 26 4
42 63 19
44 93 21
14 1 12
2 76 2
88 65 14
14 34 13
96 95 33
88 54 10
18 63 14
12 94 6
98 80 11
2 9 2
60 97 16
72 24 25
8 88 1
4 86 4
2 30 2
78 58 66
12 24 2
58 68 33
4 65 1
62 89 19
54 30 16
18 74 15
26 15 4
36 16 23
78 14 22
88 36 56
8 21 3
34 17 26
78 50 76
18 39 16
38 24 5
20 7 7
10 11 9
52 80 3
54 23 19
56 71 32
78 82 41
56 49 13
8 67 7
2 78 1
38 34 29
78 37 8
30 97 9
94 93 71
72 13 62
4 90 1
90 82 43
26 34 15
70 91 31
40 3 11
8 60 2
70 96 52
56 16 31
28 79 24
80 65 73
46 28 29
6 86 4
18 37 4
98 70 27
72 24 31
38 100 20
18 38 13
68 3 17
76 39 21
30 41 23
12 90 11
74 28 15
50 36 14
38 34 22
38 31 23
20 58 19
24 21 7
22 97 2
92 43 1
14 49 6
82 96 9
100 82 100
30 53 15
74 76 8
42 61 29
42 35 35
70 19 61
42 14 4
86 18 78
76 44 13
94 3 33
12 8 3
44 66 7
92 67 32
40 27 24
66 17 51
34 46 21
42 88 14
70 74 18
2 83 1
82 63 66
38 87 34
50 77 19
8 99 1
92 2 42
36 3 30
38 73 3
76 8 57
4 99 3
54 98 50
94 53 43
52 60 28
80 92 29
98 53 5
70 15 58
18 25 1
22 57 16
20 85 20
92 61 5
84 28 18
24 25 10
68 49 31
36 19 8
44 49 6
78 82 9
18 18 12
64 99 47
46 66 39
52 26 9
40 27 10
52 9 40
64 88 62
2 85 2
88 20 59
90 76 43
60 100 41
56 53 28
100 64 60
58 72 18
60 19 17
4 81 3
92 26 90
16 56 4
30 5 8
6 65 2
44 3 3
54 46 4
78 25 22
64 13 28
84 38 51
92 40 51
88 45 38
56 82 40
38 56 5
76 12 31
8 81 6
80 5 44
78 54 10
36 98 13
54 27 15
30 99 28
94 41 49
26 71 20
84 38 55
22 24 17
6 37 6
66 100 26
94 34 57
94 100 36
80 81 67
22 41 7
50 47 43
4 32 4
2 27 2
72 47 6
82 49 80
28 43 22
20 64 1
62 77 34
54 94 18
12 69 2
72 45 71
74 83 64
52 51 18
14 39 6
94 80 37
60 4 12
52 48 21
96 48 18
70 81 31
56 86 34
82 85 1
20 79 19
24 12 11
56 36 17
38 29 25
20 3 1
10 58 4
60 21 3
34 69 23
54 85 41
16 51 11
26 48 4
52 75 10
90 3 66
44 30 31
2 91 1
60 77 28
94 94 1
60 61 5
2 47 2
34 50 27
42 36 5
64 92 16
28 2 21
98 13 65
82 93 8
70 38 36
84 20 12
88 73 3
4 66 1
64 92 28
2 28 1
36 72 8
24 74 24
2 91 1
2 57 1
30 25 8
92 98 5
98 71 41
62 20 17
62 90 7
92 31 73
12 93 7
24 83 21
4 20 2
42 15 4
24 57 6
92 50 78
54 49 43
24 25 23
10 52 9
60 92 48
70 52 27
46 9 40
58 4 8
90 95 56
16 47 10
62 14 14
6 98 3
42 90 13
8 66 5
4 49 3
16 36 4
86 44 57
48 54 38
48 87 33
58 90 5
36 84 9
14 60 11
66 1 29
6 44 4
90 58 58
48 59 2
10 79 7
80 93 32
12 28 2
46 47 40
64 67 32
22 47 12
4 93 2
64 24 39
14 24 5
62 88 58
34 20 27
32 20 5
76 30 11
40 52 39
68 62 23
40 71 5
80 32 62
96 34 80
96 91 59
88 28 21
2 84 1
56 91 38
62 11 16
36 47 4
38 29 5
62 8 30
58 62 28
34 14 10
94 38 31
86 67 43
50 95 49
70 98 26
20 25 1
76 39 48
72 17 70
96 15 55
42 35 12
44 6 10
60 45 52
50 6 49
60 23 19
18 91 17
68 19 3
68 42 48
30 70 2
24 46 13
50 78 38
90 49 37
10 41 2
14 61 4
8 71 6
60 90 20
86 8 86
74 93 22
26 79 22
50 87 42
46 5 7
84 46 28
34 39 19
38 10 14
22 72 17
50 5 15
88 16 67
8 68 1
86 1 84
84 82 71
66 50 19
68 45 15
70 8 54
32 99 12
74 1 2
68 24 58
16 71 13
14 76 13
28 65 10
56 82 32
30 46 26
66 41 40
92 26 88
84 24 1
50 92 40
24 72 24
2 68 1
74 85 38
68 44 24
60 47 58
42 25 12
94 22 1
30 92 22
58 68 39
54 19 22
18 3 2
24 65 8
72 100 5
24 43 24
26 93 1
78 16 22
44 17 15
40 53 19
56 5 30
50 62 8
60 22 6
78 87 59
16 57 1
46 11 9
58 10 22
56 49 33
8 94 4
34 24 15
88 51 59
88 74 58
44 38 10
74 99 57
22 2 17
82 27 10
8 39 8
60 46 23
48 33 41
54 66 20
18 68 1
86 86 72
74 93 22
98 80 29
64 25 60
88 68 85
54 82 7
54 9 34
8 100 2
68 10 51
66 61 4
82 54 50
30 89 20
48 36 38
18 5 6
24 67 17
72 5 62
84 63 19
88 61 39
22 54 17
18 4 10
76 39 67
6 32 3
100 50 83
12 97 12
40 71 30
86 17 6
90 89 22
90 79 75
42 15 3
26 62 8
68 4 57
36 88 17
88 42 20
66 17 49
24 53 19
46 32 3
42 88 9
78 48 70
52 35 14
98 5 2
84 100 11
14 5 11
50 75 24
2 8 2
24 57 2
90 56 88
94 68 30
58 26 36
32 11 30
62 20 58
62 95 2
20 61 6
68 47 14
6 90 3
54 31 35
64 56 29
2 68 1
78 76 44
78 58 61
76 16 52
28 57 10
20 7 12
10 62 3
34 33 6
98 69 98
32 77 13
34 12 29
80 33 34
42 86 5
70 61 60
8 98 8
82 24 46
66 6 6
28 78 12
48 67 36
92 3 1
30 49 9
68 77 53
96 47 68
100 2 92
38 62 18
66 49 31
96 19 11
18 21 12
30 31 7
88 50 10
30 35 30
78 10 21
6 80 6
34 6 5
48 54 39
14 57 10
20 60 6
58 4 49
36 2 20
80 55 50
24 100 19
30 89 21
16 59 8
100 5 92
78 49 32
72 66 45
84 57 74
86 63 3
84 62 33
4 1 3
72 61 71
78 81 53
28 27 24
32 55 29
64 40 16
22 41 6
92 93 9
52 85 43
30 90 3
14 97 5
40 87 36
34 97 21
76 95 16
76 40 46
92 1 29
34 74 31
70 54 10
14 36 13
96 74 77
62 33 13
96 66 69
70 58 27
82 90 79
84 66 4
50 21 2
18 84 5
26 83 2
18 77 7
86 30 8
68 71 5
22 37 12
62 85 11
26 27 5
84 11 1
78 85 53
32 84 1
76 30 22
50 68 31
92 64 85
80 54 24
72 11 3
96 82 82
38 88 15
96 70 4
34 60 3
64 4 29
12 42 3
80 34 53
96 59 41
64 52 37
96 68 87
42 72 18
84 83 23
98 99 40
54 75 3
52 23 6
60 46 46
50 96 38
18 31 15
74 80 61
84 99 29
94 36 28
12 51 11
30 43 25
88 84 36
48 34 33
40 45 19
4 59 4
10 4 4
42 31 9
100 14 36
54 1 9
6 61 1
16 86 2
34 75 33
66 41 36
14 43 7
40 69 32
40 59 5
38 78 14
72 73 39
20 59 16
6 9 3
20 53 14
46 84 28
64 39 18
4 27 3
76 92 63
18 100 7
18 59 10
46 13 11
74 82 10
6 88 2
60 100 5
6 41 5
90 94 22
26 51 21
32 83 29
14 3 12
42 31 19
92 18 75
98 69 27
34 27 9
48 37 40
20 84 1
94 31 69
18 53 3
8 32 2
2 81 2
52 69 41
30 65 13
38 44 14
82 50 14
20 83 8
22 96 14
72 71 56
80 31 40
78 62 5
44 75 17
18 74 10
50 19 35
76 32 39
86 26 14
88 15 6
64 30 27
30 24 15
88 23 16
30 56 19
56 19 4
40 87 10
46 23 28
38 17 1
50 56 32
42 43 17
52 93 29
42 43 14
32 32 29
70 5 26
56 20 12
72 16 29
50 53 24
66 45 48
6 94 4
34 26 5
74 40 14
78 18 33
14 92 11
10 73 4
42 58 11
20 14 7
4 70 3
46 6 41
52 3 6
2 8 2
2 47 1
72 67 34
48 69 2
54 47 25
2 61 1
82 16 46
76 89 72
24 2 9
22 45 10
52 30 24
48 91 11
66 18 32
84 98 45
2 35 2
14 73 4
20 44 4
56 65 30
90 14 1
76 12 18
54 16 26
10 79 9
46 82 22
78 53 21
12 16 2
14 99 1
32 69 23
6 49 6
12 25 6
56 42 51
18 38 6
94 88 53
82 19 15
92 4 81
42 52 27
14 64 2
40 78 27
38 84 18
2 79 2
98 74 40
82 69 72
20 56 5
88 75 7
2 67 2
42 69 2
8 73 3
34 95 15
100 2 35
18 31 9
12 15 3
74 89 44
70 69 55
26 86 19
72 2 13
20 97 9
20 17 13
60 13 15
36 86 18
72 15 61
20 41 14
92 99 1
76 78 13
64 94 56
86 33 33
82 33 78
28 28 28
14 10 1
94 26 3
56 83 33
44 4 38
66 65 6
28 28 7
26 41 26
68 81 4
92 99 63
14 41 11
34 52 2
56 52 4
80 17 35
32 45 28
8 91 4
94 26 3
22 90 17
86 3 45
78 11 58
20 6 8
30 52 25
56 43 7
68 15 42
78 56 61
22 26 3
92 75 39
16 94 2
28 16 10
2 54 2
78 4 33
6 97 5
76 73 14
36 90 13
94 50 59
16 5 5
10 19 6
78 64 37
6 7 6
36 19 3
44 77 22
28 10 15
54 49 49
76 26 15
24 26 7
90 83 67
18 31 7
10 24 9
16 27 15
28 19 7
92 82 32
8 28 5
42 54 2
72 30 11
18 98 5
42 74 12
42 75 3
22 82 6
14 40 10
2 26 2
60 58 33
40 3 24
54 1 51
12 88 3
4 88 3
28 66 5
44 84 17
68 60 20
50 74 47
70 73 59
96 34 87
18 27 9
76 61 15
56 40 46
90 6 3
66 30 38
46 69 2
24 28 4
20 81 16
54 35 12
34 98 9
2 9 1
32 30 7
72 46 64
26 29 6
62 12 6
16 84 8
30 19 24
64 99 6
54 4 45
98 24 82
10 4 3
18 22 7
42 16 22
74 53 68
12 28 6
40 86 5
2 66 1
76 14 67
84 44 29
54 99 6
24 70 13
80 39 25
78 96 11
46 14 10
24 84 16
58 34 50
10 66 1
66 81 51
22 96 11
96 79 54
78 74 37
4 50 3
48 35 24
74 63 2
78 99 52
88 9 87
68 97 18
22 43 11
40 99 34
66 74 10
22 22 11
74 92 20
54 49 49
100 59 52
2 25 1
2 70 1
94 74 51
24 36 15
92 66 71
60 4 39
66 93 46
68 90 21
34 86 17
82 86 45
10 53 1
22 74 20
52 47 44
32 55 13
54 71 45
94 11 29
2 31 1
2 26 2
72 90 38
44 9 11
56 82 23
88 27 26
28 77 8
46 51 3
80 23 19
30 48 4
12 56 6
98 78 15
12 5 9
20 64 2
96 44 51
14 13 11
14 83 5
90 36 16
44 75 30
86 2 39
40 65 6
2 45 2
92 90 7
30 46 30
24 9 21
40 54 7
50 90 11
98 98 93
20 4 19
22 89 1
18 51 9
72 80 7
4 64 4
24 49 10
82 96 1
8 8 7
16 58 14
14 32 4
2 42 2
36 70 19
76 4 70
24 52 12
38 43 25
98 7 91
78 54 12
82 87 9
90 98 64
68 38 16
74 13 71
22 3 17
34 8 4
74 100 56
26 13 18
66 30 29
2 46 2
38 14 8
56 60 53
62 91 14
88 56 37
14 73 11
24 87 23
76 27 20
22 72 6
58 15 29
82 31 17
86 93 15
50 96 9
58 79 17
74 84 5
14 86 10
8 36 1
62 89 44
56 64 48
40 87 27
90 90 16
60 21 5
34 52 28
46 80 41
42 38 4
96 16 32
84 36 13
70 64 3
56 97 6
38 52 21
64 58 52
78 31 36
34 58 4
60 78 5
62 41 33
70 72 52
92 36 63
78 65 32
82 8 19
64 45 37
78 66 52
78 14 10
30 78 1
36 26 9
8 19 6
38 40 5
38 74 16
84 17 44
2 70 2
74 79 49
82 97 62
36 32 25
70 11 18
50 51 45
66 87 7
66 93 48
56 98 25
32 84 21
2 42 1
36 43 7
56 84 31
88 50 33
36 40 3
94 55 46
92 82 38
72 24 66
82 70 76
20 37 10
60 82 19
50 100 2
66 5 58
44 61 41
36 38 9
74 21 12
16 38 16
12 65 9
88 11 66
82 26 17
52 88 7
82 7 60
84 89 70
38 3 25
60 58 47
42 45 26
26 84 20
22 81 19
48 53 23
26 30 10
66 24 34
78 31 35
76 86 48
52 97 9
66 49 55
26 18 11
2 74 2
50 28 10
40 46 6
74 32 30
96 26 21
86 12 30
82 92 31
32 62 25
52 28 25
6 86 2
68 85 44
36 5 24
50 24 23
90 88 72
78 56 8
84 6 3
74 46 9
30 30 14
38 34 22
36 66 1
38 36 4
46 2 30
6 88 6
68 98 15
54 88 32
98 55 74
12 33 5
98 65 77
48 95 22
64 48 10
16 97 7
88 8 42
90 66 27
78 58 22
94 90 67
94 76 35
80 21 42
62 69 12
84 59 78
86 31 62
4 21 4
86 53 79
50 92 44
52 48 3
8 55 4
30 53 6
32 3 2
62 5 4
32 47 3
86 21 50
78 68 26
68 35 63
10 86 10
60 27 25
46 37 39
16 5 3
82 5 24
42 70 17
18 77 15
6 77 6
84 26 15
90 66 69
60 96 60
18 94 8
30 83 13
76 9 20
10 28 8
42 53 41
10 97 9
90 8 82
50 25 31
80 51 11
34 43 25
76 57 69
72 29 68
90 69 63
6 42 4
50 15 44
14 49 10
36 9 14
50 90 42
50 81 36
82 56 41
14 69 5
34 51 13
44 25 25
24 14 4
54 63 44
64 68 8
66 66 4
66 70 20
40 96 22
78 33 6
46 98 14
84 16 30
58 82 11
90 65 71
80 72 15
94 1 65
82 13 12
46 64 14
36 14 18
4 59 4
72 90 11
88 17 61
88 49 51
30 97 16
46 100 14
54 13 9
54 26 10
42 92 28
52 74 45
92 10 33
54 45 26
38 65 1
94 75 80
38 73 28
88 31 3
32 18 16
38 2 19
90 35 64
70 64 21
10 28 5
34 75 10
24 92 15
74 72 16
40 17 9
80 38 47
10 6 4
40 13 2
66 46 11
4 94 2
50 83 13
98 98 27
46 77 33
56 47 46
70 35 14
54 95 40
56 45 13
58 36 20
54 74 20
80 28 2
44 54 3
76 53 13
42 98 12
58 28 4
64 26 22
66 56 22
86 87 72
30 67 14
86 37 65
34 47 21
18 83 6
24 9 16
28 21 18
8 99 4
2 82 1
2 22 1
58 60 49
54 85 41
28 31 10
24 29 20
18 12 11
8 39 1
20 84 6
36 74 13
24 58 12
82 68 59
60 83 5
20 66 2
66 47 24
98 75 21
78 22 75
24 57 5
98 98 24
50 38 42
28 45 11
14 25 1
22 24 22
40 21 26
26 33 8
82 90 21
12 57 5
90 25 4
60 61 45
38 57 14
24 96 3
34 74 15
10 66 8
90 39 1
2 9 1
76 80 24
66 57 22
50 56 14
90 99 11
56 58 9
96 77 39
12 87 8
68 45 34
78 90 32
50 6 6
86 91 35
30 25 24
94 22 93
26 97 24
30 84 17
6 75 6
30 100 23
30 67 29
60 77 35
46 67 7
76 90 33
40 1 2
10 38 5
2 76 1
44 66 39
96 60 79
88 70 35
28 85 5
96 42 62
78 93 3
86 82 51
16 2 1
46 3 30
24 42 13
40 7 27
92 50 65
2 50 1
56 18 43
18 64 3
50 4 22
72 19 20
48 46 39
14 14 12
86 60 2
46 11 25
70 9 46
38 90 30
76 9 5
50 78 27
76 53 11
4 41 4
20 61 16
96 84 43
90 66 43
16 76 13
70 16 23
86 60 2
2 49 2
48 45 18
60 48 41
84 2 2
66 91 1
10 2 4
86 98 6
36 56 12
64 25 47
26 51 8
78 95 45
50 91 5
76 47 45
54 54 35
72 68 27
56 22 52
22 96 4
48 69 17
30 66 19
6 5 4
20 51 3
18 30 5
86 91 8
90 81 1
32 4 24
94 41 42
6 9 2
22 28 16
30 48 11
74 86 25
88 31 84
28 87 18
6 77 1
96 30 44
22 33 5
54 5 4
96 68 73
62 17 43
66 30 4
54 5 22
46 74 12
32 39 2
40 8 10
78 32 10
2 12 1
72 39 29
8 6 4
60 35 9
2 37 2
2 66 1
92 3 26
64 25 32
42 95 40
58 66 19
78 27 24
88 98 31
38 19 30
72 67 29
70 10 29
86 10 62
12 62 2
58 31 18
58 21 9
64 40 12
54 91 46
78 18 36
60 62 10
10 96 7
64 21 30
74 62 20
34 10 11
88 39 73
24 80 24
14 77 7
64 10 33
28 63 1
46 69 8
52 82 34
78 90 35
38 96 27
70 47 33
100 88 41
42 50 13
10 93 7
56 88 49
22 95 12
32 21 15
84 63 3
92 94 86
6 10 1
58 54 57
38 90 25
6 57 1
10 42 1
88 91 8
42 83 16
94 31 5
88 20 56
98 65 94
78 60 65
8 35 8
98 69 34
36 54 10
32 69 10
80 62 61
92 19 6
72 12 39
66 29 32
6 53 4
50 80 33
2 70 2
50 7 6
96 64 34
38 46 37
84 98 61
64 8 9
76 64 38
14 15 13
92 59 43
2 5 1
8 21 8
54 85 29
52 32 36
2 70 2
22 95 22
14 99 6
96 92 75
86 12 83
58 6 29
38 99 8
76 10 44
96 24 33
40 19 26
66 39 17
62 74 47
82 98 7
70 50 59
4 42 3
4 3 1
100 20 70
38 93 4
16 20 9
58 25 17
72 52 4
96 56 80
58 70 29
66 39 19
84 26 33
58 51 27
94 64 34
14 65 8
68 70 15
98 6 68
84 58 66
68 89 62
78 35 19
60 23 20
76 100 13
78 59 76
26 83 5
68 65 35
60 73 21
14 78 4
20 66 12
82 49 3
2 44 1
2 54 2
34 2 21
26 26 13
8 54 6
84 72 24
46 65 36
50 43 8
16 63 16
56 74 8
20 28 5
88 45 45
92 43 29
56 53 41
14 59 2
40 42 34
16 10 6
48 93 39
30 75 16
2 63 2
34 6 26
100 45 16
50 61 37
84 89 5
68 58 12
14 15 12
24 85 11
94 70 6
52 87 27
48 11 40
32 48 31
16 7 4
98 49 55
90 70 39
28 59 21
92 86 34
10 19 4
20 1 20
98 32 93
12 15 11
82 23 13
60 77 11
12 43 7
68 46 26
8 4 4
46 77 24
28 98 19
44 99 11
78 21 14
56 22 19
64 76 15
96 81 35
28 21 2
72 9 25
66 75 34
90 6 34
8 82 7
4 6 2
32 3 2
14 97 12
28 70 4
64 59 53
16 53 16
44 8 26
72 48 22
10 100 9
36 58 9
40 45 9
54 57 53
86 45 49
56 47 20
22 100 5
62 65 20
88 35 73
80 32 59
12 9 10
54 11 24
66 71 41
28 83 1
72 48 2
38 14 9
70 18 4
44 19 11
90 48 22
96 19 57
38 13 7
8 36 5
10 51 5
2 38 1
8 87 8
14 19 10
20 30 18
24 3 6
12 89 1
64 78 32
98 4 16
96 62 37
58 83 42
8 89 8
34 31 18
12 25 9
28 80 21
34 77 20
88 36 86
28 92 23
60 13 8
32 26 19
24 66 2
70 76 45
64 37 30
46 33 36
60 13 26
80 75 61
72 91 42
54 7 29
28 95 19
22 75 3
68 44 25
50 59 4
86 51 5
90 22 55
26 36 22
62 26 33
24 21 22
72 79 13
94 48 9
20 71 2
52 5 43
34 18 2
40 95 34
76 100 8
4 11 1
18 45 7
92 56 41
52 51 14
44 84 23
82 51 14
52 84 9
86 82 9
100 97 88
42 35 10
92 6 30
48 59 6
40 97 6
46 63 30
74 26 69
64 80 30
46 99 21
14 31 1
30 68 7
88 99 14
84 47 23
44 80 2
66 4 57
12 98 11
18 15 12
2 92 1
46 19 17
98 81 5
98 86 27
58 36 6
52 63 43
22 5 1
6 81 3
64 78 47
86 71 47
4 49 4
58 83 30
2 93 2
82 25 27
62 61 30
66 8 4
60 52 9
62 72 42
80 52 54
84 70 69
24 2 7
56 14 14
72 83 8
40 90 38
2 17 1
26 26 19
24 22 8
56 53 15
24 18 2
30 84 16
74 63 30
54 84 11
98 9 71
4 60 4
32 99 3
82 22 8
86 32 30
56 72 55
86 13 16
44 32 2
88 18 30
54 76 18
96 27 1
82 60 15
28 8 13
44 54 7
46 24 23
92 11 56
88 22 34
42 98 23
28 22 26
22 95 13
18 88 17
64 6 19
46 23 16
30 68 22
32 82 32
20 55 16
96 64 19
30 50 1
66 39 11
82 90 72
86 9 61
82 45 41
32 39 15
2 98 1
36 8 34
2 4 1
76 4 3
66 3 30
54 30 28
98 47 90
6 91 2
2 92 2
8 44 8
56 47 25
72 11 71
90 55 26
98 18 40
64 22 4
36 46 35
64 52 47
42 51 32
22 23 6
18 60 11
6 48 3
62 89 24
12 17 10
36 35 14
32 59 24
96 16 35
20 61 19
34 16 13
12 92 2
78 91 4
36 19 30
42 85 11
96 31 8
74 68 2
60 81 25
96 38 37
82 54 27
98 71 36
22 62 2
100 1 7
94 83 20
78 77 27
96 20 86
48 57 4
98 72 84
90 1 23
60 87 54
66 58 4
76 92 6
72 54 42
26 90 3
68 61 36
34 30 12
92 75 14
100 79 4
70 73 24
80 94 30
18 57 5
18 57 17
10 78 3
60 48 37
54 76 41
22 1 10
12 19 5
82 54 60
96 74 40
20 3 3
86 55 14
42 84 15
90 24 24
70 71 59
82 100 44
6 73 5
16 63 7
2 58 1
84 43 61
94 44 2
98 35 63
96 25 79
32 48 2
22 91 1
2 36 1
12 46 12
48 88 19
58 89 39
86 94 11
34 60 5
32 42 17
20 65 18
36 51 23
14 94 2
34 75 34
64 25 63
36 27 12
86 30 14
60 96 29
92 83 20
60 73 24
74 31 6
68 95 28
68 25 68
84 68 75
22 69 13
82 65 52
6 100 2
14 79 7
98 24 19
38 67 37
78 90 19
98 92 17
84 32 58
22 86 6
20 74 11
86 77 72
24 46 15
14 23 13
48 50 32
26 71 3
32 78 14
24 98 14
94 4 5
72 10 5
14 93 12
76 63 68
70 66 46
72 32 54
72 34 71
10 86 8
4 70 3
62 54 11
14 87 12
62 55 25
34 29 25
66 19 45
24 5 3
30 2 8
86 6 22
22 96 8
84 52 73
88 17 39
22 3 16
4 43 4
10 56 8
52 37 34
72 48 66
62 67 7
62 98 30
26 87 18
76 88 14
88 57 45
32 82 10
70 6 39
56 67 48
74 98 56
40 39 7
86 24 69
80 38 2
22 27 21
44 79 4
26 70 3
22 80 20
46 26 25
50 8 32
54 85 46
94 57 23
32 89 16
58 80 44
50 1 28
50 35 2
94 72 35
96 5 63
12 11 2
94 54 3
62 40 22
68 68 53
64 86 57
92 25 92
80 70 14
32 75 5
26 30 15
42 100 37
6 42 5
34 43 15
52 89 15
10 27 9
42 10 17
28 66 17
4 58 4
42 37 7
76 60 25
8 86 4
42 1 17
38 20 16
78 20 51
80 38 16
14 19 5
74 51 13
30 98 25
80 78 45
76 38 33
82 17 75
76 38 8
32 51 30
36 31 4
64 3 28
18 14 1
12 12 1
10 80 10
62 44 15
2 2 1
30 89 28
74 82 27
18 83 4
94 79 82
66 78 9
84 18 9
24 87 16
48 72 19
36 96 4
92 75 34
26 51 7
8 16 2
76 71 35
48 54 4
26 52 9
18 48 11
2 13 2
46 27 4
64 58 34
52 21 46
20 45 19
58 57 11
90 50 71
96 48 19
44 66 8
66 42 30
30 63 24
48 40 28
6 46 5
64 93 8
6 1 2
90 59 74
82 84 18
2 37 1
20 7 9
80 95 48
60 11 4
58 21 42
62 38 11
78 40 13
96 23 91
6 65 3
42 12 8
50 13 15
52 99 26
68 69 61
24 100 8
4 86 1
58 69 35
4 68 4
4 40 3
48 75 4
56 92 12
42 94 8
2 54 2
26 10 19
54 90 20
92 29 19
26 40 13
20 98 10
52 37 5
32 32 5
38 72 16
96 32 21
18 54 9
92 28 49
10 32 5
76 47 74
48 48 20
38 71 20
96 67 42
10 32 4
8 71 5
42 85 31
82 65 43
20 25 19
26 9 13
34 45 25
28 36 16
40 70 23
34 79 15
96 10 8
58 50 11
8 33 5
24 41 24
32 55 3
60 63 1
26 13 15
42 12 5
36 55 27
66 1 6
20 34 18
98 74 59
2 57 1
2 50 2
56 41 11
62 60 2
76 45 20
78 39 6
96 61 46
86 65 51
98 91 2
82 78 2
72 28 6
88 66 65
88 78 70
40 52 35
68 85 68
2 32 2
96 50 34
52 66 43
10 93 10
32 96 9
20 58 18
72 4 41
12 97 10
50 30 26
8 62 4
2 42 2
10 100 4
80 70 39
72 86 16
46 24 21
92 38 85
96 86 44
22 88 9
76 56 19
18 58 4
68 29 17
28 90 12
64 11 25
60 89 9
20 4 1
10 18 5
46 75 16
70 96 23
32 69 18
90 67 7
92 7 25
76 94 12
38 48 20
4 63 2
36 31 30
4 33 2
44 49 13
46 15 4
42 53 24
44 77 10
66 40 5
72 74 26
76 15 54
20 24 17
32 75 4
30 18 8
38 89 7
22 90 16
64 89 36
56 8 42
64 16 30
74 66 44
24 54 20
28 47 23
12 11 4
98 41 6
32 73 2
12 49 1
88 100 49
18 52 9
44 28 4
62 40 30
84 23 35
90 72 88
18 2 8
62 43 4
26 70 24
46 65 46
50 80 7
32 11 23
38 87 34
8 94 6
10 51 3
52 40 3
30 88 8
42 14 2
40 16 4
2 39 2
36 75 30
20 95 9
62 18 46
28 88 7
88 56 32
66 21 37
58 40 17
78 89 39
56 64 27
86 8 74
16 39 3
68 20 16
32 43 20
6 12 4
70 92 22
4 33 3
92 68 36
40 26 30
8 100 5
76 12 28
4 39 1
80 7 55
64 19 16
32 82 2
64 7 8
28 68 24
16 52 3
82 58 68
60 30 55
82 47 2
18 73 18
54 98 3
16 33 6
22 36 8
48 47 7
8 41 4
30 68 23
46 87 44
86 22 70
66 52 10
18 4 13
46 2 11
18 53 10
74 29 24
72 9 44
72 98 61
26 9 19
52 12 52
100 95 32
62 57 39
58 32 43
20 79 12
48 78 33
22 30 20
2 90 2
40 86 5
44 98 20
80 47 41
82 99 16
12 88 3
92 35 73
70 3 44
62 81 42
62 80 19
54 69 34
6 43 2
90 54 3
26 19 20
86 45 38
96 13 88
6 29 4
58 90 28
86 77 40
50 19 29
88 2 70
14 17 2
46 54 7
42 31 17
48 31 26
54 90 26
48 92 13
54 93 24
32 28 31
28 3 24
16 28 7
10 59 3
62 1 14
56 42 7
60 8 15
86 29 67
28 56 13
28 59 14
18 21 2
66 4 48
96 56 12
84 19 70
60 16 8
8 22 2
82 85 46
66 47 34
26 23 10
70 64 5
16 47 8
38 4 38
26 54 22
2 67 1
42 22 27
50 20 5
86 26 80
22 72 16
32 75 22
40 55 9
100 13 54
26 16 14
80 18 40
8 65 2
28 22 27
90 60 7
54 50 17
30 44 10
14 35 3
96 52 57
52 43 14
20 7 16
36 27 9
30 66 24
46 59 44
6 11 2
96 59 3
74 1 26
44 10 25
92 17 16
38 70 38
100 33 34
84 73 13
50 43 24
8 52 1
12 99 2
6 16 6
80 52 10
96 74 64
94 92 79
24 59 12
66 31 1
2 35 2
30 5 14
26 23 9
14 25 8
92 29 48
82 33 68
76 35 29
28 95 8
2 99 2
70 10 26
60 46 35
16 8 6
22 31 19
56 13 44
34 28 15
88 4 42
64 45 11
84 37 50
24 75 4
78 87 63
76 10 36
54 3 21
78 84 55
52 26 46
58 53 35
72 3 71
8 75 4
10 33 1
46 12 31
44 95 24
98 88 25
80 92 52
2 58 2
22 74 10
78 10 23
24 78 18
20 97 20
36 17 8
64 50 2
76 38 14
56 30 5
96 1 12
12 25 12
32 72 23
34 44 12
2 46 1
44 18 36
60 44 14
88 59 64
40 92 28
60 25 27
70 96 11
84 50 7
18 21 18
44 39 3
82 25 4
76 74 18
32 8 11
90 80 4
88 23 31
72 18 32
88 13 73
68 9 24
74 99 13
92 21 32
54 6 33
8 90 1
50 32 48
36 96 21
18 81 3
66 86 58
24 88 22
44 40 41
32 98 26
26 1 21
50 37 1
10 50 3
26 8 8
52 85 29
86 27 63
86 45 63
76 35 70
66 68 25
34 25 27
70 77 15
98 57 33
52 80 29
32 11 7
14 50 2
52 40 19
72 3 10
92 4 43
30 74 18
14 32 11
70 73 11
68 25 29
52 33 38
90 39 66
20 71 2
74 11 9
30 35 26
2 2 1
50 96 5
100 36 95
60 74 55
2 59 2
16 61 14
46 12 22
80 37 4
26 12 18
76 32 18
82 91 5
58 1 17
88 33 4
20 91 11
38 63 22
52 43 44
74 84 20
54 44 22
20 45 4
24 82 3
46 13 35
78 95 22
86 49 7
64 1 28
56 74 4
40 11 26
20 49 10
86 30 72
52 33 14
20 7 10
58 78 18
8 56 1
96 42 29
40 78 25
66 75 25
24 78 5
96 85 74
88 11 12
50 40 32
26 39 19
32 28 19
96 38 86
76 67 32
60 10 2
80 28 61
62 21 33
2 38 2
10 14 4
50 16 21
8 46 4
78 82 21
14 100 1
16 73 7
32 54 29
38 68 22
16 87 3
36 80 10
98 84 72
60 13 21
88 90 27
6 98 5
8 58 3
78 65 5
32 12 19
96 38 74
98 55 72
66 9 48
30 82 18
28 39 5
70 90 17
90 64 43
88 81 47
60 12 4
88 62 65
98 95 8
16 96 1
32 71 13
8 7 4
80 61 17
26 49 26
54 14 17
46 70 17
12 99 10
100 84 15
24 11 24
44 82 24
66 5 1
48 48 42
66 55 40
56 55 4
18 15 12
88 50 29
28 38 13
18 86 4
46 95 45
54 55 7
14 71 1
36 43 28
26 53 6
50 83 24
42 70 16
44 35 44
82 94 16
80 54 17
18 27 9
8 40 5
86 74 79
64 5 33
66 94 38
34 98 15
14 64 5
6 91 3
88 53 76
96 5 90
4 20 4
56 72 14
54 55 8
40 49 40
12 52 5
2 9 2
64 16 51
92 43 4
76 65 28
10 72 5
96 34 26
14 21 3
94 82 72
40 47 5
62 75 47
36 47 9
90 98 52
14 26 14
96 82 93
34 64 18
34 84 14
60 34 13
70 72 8
12 77 7
8 55 4
26 32 8
92 4 82
18 54 12
60 61 12
24 34 13
40 44 9
82 97 19
54 84 15
20 68 8
34 27 3
30 69 17
44 97 12
98 6 96
62 54 33
12 10 10
78 65 54
46 84 15
48 57 12
98 79 15
74 3 34
2 70 1
60 30 23
36 4 20
86 29 26
24 71 5
22 97 3
30 82 16
30 49 30
28 94 19
44 12 5
60 61 8
44 10 44
74 25 21
30 63 21
34 32 14
50 61 47
12 73 5
6 51 6
2 23 1
28 49 22
26 65 12
44 51 29
38 80 37
8 81 1
22 35 4
48 24 30
84 56 81
48 10 48
72 56 19
26 91 9
94 63 84
32 66 28
96 79 27
100 47 78
16 5 12
40 37 27
70 28 28
8 46 2
6 64 2
22 92 7
56 45 10
88 61 15
78 28 45
90 71 79
92 84 16
64 20 63
88 14 34
12 37 11
28 86 9
56 56 19
36 34 5
46 74 13
94 79 13
60 56 40
32 72 20
40 10 35
88 43 5
82 100 44
34 66 9
62 14 11
2 11 2
8 87 8
2 99 2
20 81 4
30 25 12
56 63 20
18 83 5
16 8 13
58 14 27
42 79 11
98 95 8
70 99 9
66 85 5
18 88 7
16 23 2
60 11 6
86 78 33
52 15 23
34 21 33
52 22 40
66 99 27
4 95 2
34 29 28
4 8 3
96 94 35
12 99 12
76 90 17
80 83 63
52 8 41
92 76 13
56 29 31
40 95 3
2 29 1
88 43 5
50 83 34
90 74 3
82 94 29
62 41 43
4 20 3
72 18 1
14 47 14
78 8 23
84 85 12
14 7 8
20 80 1
36 42 7
96 59 2
98 60 3
46 95 4
64 55 21
34 27 10
12 40 8
82 95 46
94 55 37
2 60 1
60 10 15
68 60 30
8 14 6
32 2 16
62 98 10
76 51 4
4 20 1
92 93 21
20 10 14
24 94 9
50 47 9
46 15 32
28 60 8
50 18 38
76 19 20
76 18 22
78 30 19
58 4 16
20 17 12
88 40 41
80 12 56
2 4 2
100 39 40
82 26 23
28 41 25
90 27 2
78 94 33
96 77 15
46 71 11
66 72 61
12 70 2
78 13 75
78 11 14
40 33 17
6 18 1
82 50 17
12 11 1
78 35 20
8 70 4
24 4 4
54 65 9
70 98 51
6 58 5
28 96 16
18 63 3
58 81 31
42 37 10
62 40 1
18 39 9
70 42 6
50 2 9
16 67 16
94 26 10
68 1 13
36 50 15
26 43 9
68 4 37
92 18 80
4 30 1
46 31 9
70 20 62
92 15 54
8 14 5
20 76 8
74 86 40
78 64 41
12 79 12
22 31 9
4 14 4
100 72 6
94 95 31
30 94 13
30 57 12
62 48 14
12 13 5
26 68 12
90 26 77
96 63 15
64 72 14
4 59 4
36 100 9
64 92 50
2 34 2
84 85 36
90 40 12
80 31 6
18 63 10
44 78 19
40 90 22
68 24 53
26 57 15
4 32 2
50 33 17
34 6 23
70 16 13
26 22 14
16 21 5
60 50 6
26 1 22
56 66 18
82 73 26
36 53 19
46 70 17
6 68 5
46 46 4
86 56 29
26 53 11
46 72 41
50 54 18
82 92 39
6 76 2
36 82 7
22 90 8
86 82 18
86 93 13
78 47 8
70 37 66
100 9 14
20 93 20
12 24 3
54 7 33
8 17 4
8 58 1
90 92 9
90 71 3
74 36 68
54 99 3
38 66 13
34 3 17
48 42 18
32 99 9
18 35 12
98 11 68
50 11 10
48 57 21
80 40 18
24 45 16
14 92 1
62 38 41
2 68 2
8 35 5
16 74 3
98 90 76
74 63 56
42 62 5
8 88 1
84 9 32
80 71 3
40 73 9
14 4 3
26 86 10
52 18 26
70 85 48
12 80 1
84 77 17
92 93 62
56 2 16
30 88 12
96 97 66
86 46 59
52 34 4
30 87 11
64 38 31
68 5 2
14 21 6
100 17 60
76 92 23
22 39 21
4 46 3
8 82 7
56 26 13
68 34 55
28 46 24
30 14 22
70 18 19
56 69 40
8 80 8
70 41 30
82 76 48
88 14 81
68 98 68
100 96 71
50 57 13
46 83 9
36 83 10
18 88 4
46 46 21
54 65 22
92 17 80
42 38 14
22 66 13
68 66 53
60 90 29
18 53 2
42 54 34
58 98 30
32 11 16
62 53 14
84 54 11
10 8 8
80 61 17
44 68 30
6 21 2
54 56 47
14 89 12
6 70 4
60 82 6
30 58 20
14 100 3
70 84 68
54 3 44
78 77 11
2 62 1
86 51 4
68 66 45
38 14 16
68 55 20
50 7 4
26 23 18
36 14 18
28 36 3
78 15 10
44 95 29
14 34 1
62 93 25
72 3 47
34 13 16
26 14 1
56 82 8
78 59 39
78 76 20
82 64 4
2 2 2
94 71 2
98 29 45
76 19 21
4 100 1
60 60 27
88 61 25
50 19 23
34 78 9
96 65 29
84 7 75
78 87 28
18 7 16
40 42 3
96 73 91
6 10 2
20 51 8
78 85 42
8 97 5
50 38 15
22 19 11
20 7 16
78 89 19
92 51 58
22 87 17
26 21 23
44 31 22
18 84 3
62 88 11
4 75 3
80 98 3
6 82 6
14 75 5
2 87 2
2 39 1
74 28 54
62 75 62
24 8 13
76 50 21
94 13 16
92 15 91
36 73 35
32 88 27
66 19 2
22 94 12
48 61 1
20 79 8
40 89 16
4 59 4
36 13 20
22 34 2
32 10 3
84 36 3
74 71 43
98 76 19
26 63 17
10 73 2
96 43 61
42 53 19
14 47 8
76 42 69
14 40 8
96 9 8
62 66 27
98 52 84
58 58 7
6 38 1
82 50 79
44 53 23
54 20 20
96 31 61
6 7 4
32 11 13
26 26 20
80 53 11
96 12 56
82 75 32
8 43 4
10 1 8
70 36 19
18 65 11
58 93 2
68 25 39
58 83 50
6 54 2
22 46 12
42 75 42
42 43 12
30 3 8
68 96 54
56 95 6
70 26 6
76 23 25
90 54 41
54 50 18
56 13 50
68 51 28
84 27 7
46 22 2
28 100 23
34 65 19
26 36 1
48 41 17
44 92 17
82 29 6
96 95 43
52 14 14
46 34 45
92 43 65
32 30 22
76 58 7
2 28 1
8 77 4
54 62 52
34 30 11
70 58 21
60 93 35
32 50 5
42 39 14
58 61 16
90 46 40
38 53 23
4 37 4
14 89 4
60 68 14
54 3 51
58 8 33
6 69 2
96 78 20
46 26 2
60 97 27
72 60 26
42 19 29
62 81 47
92 29 68
90 38 19
22 98 20
12 88 2
92 23 67
8 74 1
24 38 8
28 12 9
56 62 19
10 43 4
76 85 19
20 42 16
26 94 10
64 42 19
32 79 26
10 78 8
70 76 47
76 9 3
78 67 15
76 64 38
40 48 19
76 69 39
46 83 29
50 8 34
20 39 19
50 24 17
86 43 48
4 93 3
12 7 7
26 45 16
38 63 20
80 72 17
2 41 2
76 18 67
94 32 9
88 70 13
30 69 9
68 49 41
24 15 17
84 73 38
100 10 76
22 57 10
74 49 23
68 17 45
34 90 1
14 97 4
40 21 38
82 21 40
46 55 17
26 32 8
20 81 3
70 61 5
88 48 10
46 2 41
40 35 9
78 33 19
30 88 8
36 3 28
80 97 15
72 36 18
16 58 8
14 79 8
90 56 62
2 24 1
14 77 14
12 38 5
78 12 30
6 80 2
70 78 31
20 89 1
56 100 4
76 34 15
72 64 63
64 69 28
8 87 2
98 13 15
94 88 77
98 69 81
92 5 58
78 89 72
30 88 15
8 24 2
78 59 29
52 1 38
78 51 5
48 85 18
18 66 4
80 43 36
52 44 48
12 74 8
84 87 10
74 100 54
58 27 54
80 48 79
88 77 26
26 69 5
88 52 19
46 3 17
14 79 12
20 80 4
84 55 75
24 72 1
100 100 48
70 56 5
32 11 4
6 68 1
12 86 5
76 77 4
36 24 5
98 12 73
56 93 24
56 87 31
54 32 28
50 23 28
64 53 29
72 82 19
100 69 92
26 99 18
20 19 20
52 87 38
40 78 26
12 35 11
42 96 39
12 15 6
34 72 29
80 89 21
26 8 20
68 84 43
98 95 53
24 1 19
64 1 63
58 98 34
92 46 74
24 35 19
58 81 18
46 23 44
48 62 9
32 38 15
18 88 14
94 28 20
4 10 1
88 34 32
8 37 7
68 57 41
72 14 55
50 49 31
64 74 9
10 75 1
80 6 14
8 6 5
4 77 3
68 59 13
34 39 23
2 65 2
44 15 3
44 71 40
62 42 22
70 66 41
2 75 1
78 71 30
58 62 14
14 54 11
2 10 2
86 18 22
8 2 7
32 22 1
18 20 16
56 41 33
50 49 13
46 14 15
10 77 9
48 47 32
60 8 3
10 97 2
38 44 12
50 82 22
58 37 22
12 62 12
36 30 27
4 86 4
44 8 28
42 81 14
66 73 15
14 2 9
8 5 1
66 57 33
38 45 14
76 10 6
90 32 5
58 46 58
98 67 43
72 97 68
78 25 69
74 51 42
48 54 24
10 86 7
6 44 3
20 44 5
94 17 26
38 77 19
64 60 37
28 22 4
42 82 24
66 75 19
74 61 69
94 51 26
48 21 22
60 6 25
78 64 5
10 83 9
2 35 2
70 39 31
22 93 7
90 7 8
30 13 11
88 63 1
76 65 21
20 72 17
30 95 12
28 82 13
82 39 65
6 25 4
46 84 12
100 31 58
12 51 11
72 42 69
42 93 15
88 2 57
32 84 5
68 25 28
50 40 47
2 31 1
2 68 1
48 48 25
98 74 87
20 44 3
94 38 62
42 17 27
8 34 1
26 90 8
42 74 9
46 86 28
98 68 19
92 67 38
20 98 17
60 27 29
74 39 2
64 18 24
72 40 11
94 10 46
76 17 24
80 73 39
4 42 1
40 47 8
2 6 2
74 7 66
78 10 68
72 39 68
64 89 1
2 16 1
64 23 63
98 11 10
40 49 19
30 88 9
48 32 3
22 26 2
82 8 47
62 33 38
34 86 27
52 54 14
42 98 3
80 53 7
50 28 9
58 23 16
50 80 29
48 90 45
42 97 41
58 35 15
94 98 35
96 10 51
54 32 51
30 38 3
70 93 47
2 28 2
6 31 2
10 100 1
48 26 9
10 78 2
92 15 28
64 49 49
88 77 80
36 40 8
22 47 22
100 29 78
24 76 7
40 35 22
26 68 19
36 52 18
20 7 19
90 83 90
84 56 2
38 30 15
82 21 16
70 22 26
52 14 42
4 94 4
6 87 2
94 43 36
78 100 18
34 72 7
90 18 67
30 77 20
56 61 30
88 39 54
62 19 12
70 22 50
78 96 16
74 64 60
72 27 65
46 59 40
96 53 77
100 54 43
100 49 51
22 77 22
76 30 25
88 15 58
6 86 5
36 86 12
90 9 52
98 74 76
2 60 2
22 92 4
28 61 21
80 50 69
34 22 5
86 72 13
42 74 11
36 58 5
30 37 11
92 80 80
20 28 20
28 3 28
54 88 31
86 91 8
66 65 21
74 13 43
2 92 1
58 2 33
80 62 10
10 60 1
22 94 13
2 39 2
30 13 14
42 40 42
42 67 33
2 43 2
90 87 25
12 23 3
96 70 62
74 11 2
10 62 3
16 100 10
100 14 11
72 13 4
86 47 14
94 70 58
8 87 4
28 12 12
36 7 7
70 8 69
34 49 33
26 29 8
42 37 12
2 32 2
46 79 7
74 5 1
22 70 4
60 27 34
54 23 2
82 17 17
26 80 12
34 55 6
40 87 21
94 46 48
26 50 17
84 99 8
32 72 31
20 76 13
16 13 7
44 68 5
98 68 40
36 59 13
48 87 31
84 55 10
60 96 41
10 1 1
34 36 28
86 85 24
84 18 21
72 94 2
58 96 15
26 53 25
64 90 15
64 97 16
18 47 11
68 84 11
22 76 16
80 71 60
30 24 1
76 74 30
28 85 20
4 20 3
22 82 3
66 57 65
78 67 75
26 6 10
82 18 30
44 7 1
94 98 79
72 6 13
2 59 2
18 21 6
46 28 38
86 31 57
88 28 13
62 7 5
10 98 1
18 43 7
4 4 2
92 9 14
20 78 10
46 95 5
52 64 13
30 19 28
20 34 7
54 90 39
80 82 11
78 79 8
96 42 7
76 80 3
84 93 84
74 16 2
96 58 5
46 37 11
42 59 25
96 31 42
50 28 33
62 67 29
46 59 23
30 65 15
42 46 2
100 50 40
60 66 25
2 90 1
28 31 15
40 26 26
92 50 60
92 25 8
14 87 3
48 100 34
66 93 50
14 57 7
74 63 20
82 33 8
36 71 16
26 60 17
54 54 37
12 77 2
84 69 14
92 35 37
18 73 10
52 20 40
64 90 28
80 16 17
24 79 6
12 93 1
46 24 6
6 32 3
18 26 11
72 35 3
18 27 2
50 63 15
28 1 6
12 27 11
16 29 3
96 40 69
20 42 10
14 62 9
18 20 1
38 69 35
16 23 9
36 71 14
80 41 72
68 52 6
74 18 1
24 18 2
44 46 16
28 41 22
90 6 1
42 43 28
28 51 19
72 69 71
44 62 4
34 96 29
44 51 37
96 63 68
66 54 56
24 91 7
74 36 36
36 2 16
60 100 1
72 75 18
64 81 24
64 97 20
96 2 46
54 46 4
24 52 7
48 19 2
80 35 16
34 42 34
72 61 23
58 9 26
88 23 43
90 20 11
76 75 8
56 45 10
16 100 5
36 13 19
54 73 7
8 16 3
46 58 41
82 42 34
28 60 1
68 28 65
100 1 90
34 1 10
48 20 35
50 69 16
66 48 56
62 55 40
24 67 17
38 13 27
6 89 3
18 72 14
18 17 3
54 49 21
40 92 8
88 58 3
46 91 11
4 15 1
62 68 28
2 81 2
98 50 34
90 82 73
26 52 4
24 60 7
72 32 18
48 98 37
68 21 64
70 2 22
94 13 44
30 7 7
86 77 82
84 48 32
20 78 16
60 76 14
10 44 4
68 39 14
64 68 5
46 78 14
16 89 15
50 61 32
56 45 51
40 52 1
64 14 30
60 30 45
16 6 7
88 56 42
16 24 5
46 76 41
60 21 4
90 28 42
18 38 4
30 78 18
8 27 7
36 59 18
60 63 33
92 30 65
88 16 42
80 39 80
78 11 49
92 34 32
56 4 10
8 36 3
84 13 10
64 20 32
70 19 25
12 46 4
40 62 9
10 73 6
18 29 8
32 7 30
76 89 35
82 3 29
34 92 28
38 24 27
74 87 58
70 38 18
78 68 7
80 45 22
14 74 13
60 91 20
6 56 5
100 40 34
28 39 4
14 22 4
62 93 26
20 80 16
80 82 20
30 17 9
72 28 46
92 53 4
2 87 2
94 60 39
60 86 8
30 34 18
58 88 5
26 28 10
24 86 8
10 85 3
66 98 21
26 32 3
40 7 24
46 6 11
18 33 13
22 89 1
2 33 2
92 72 73
68 33 32
60 87 50
6 59 4
18 21 15
66 57 25
86 77 48
52 46 29
34 65 13
68 45 57
60 27 35
70 69 27
36 44 8
88 74 43
12 92 8
22 43 7
64 5 43
40 35 12
16 28 10
98 16 94
52 78 45
28 18 7
90 96 88
40 82 9
6 43 4
32 69 8
82 26 24
42 69 35
12 3 4
50 88 46
16 37 16
62 67 56
100 77 33
40 99 14
18 75 6
30 59 9
98 7 92
40 49 1
80 23 48
44 2 2
34 63 16
44 90 38
52 97 22
62 22 24
14 9 6
78 84 20
8 61 1
72 81 3
72 49 30
2 65 2
2 18 1
64 91 35
44 38 32
58 93 51
86 91 4
10 99 6
96 54 60
48 93 5
92 17 71
98 66 49
36 79 20
80 92 64
6 68 6
60 100 31
48 5 42
4 72 1
16 28 1
66 11 5
2 87 2
96 85 30
22 60 6
52 100 7
12 59 9
22 70 18
4 44 1
34 2 10
30 35 11
34 95 6
62 52 7
64 77 22
6 31 5
80 55 31
56 12 56
100 24 16
14 96 11
4 51 1
86 9 6
12 38 11
2 54 1
28 27 7
96 72 73
56 84 4
78 43 24
72 35 8
28 25 1
10 27 6
60 88 47
58 36 3
48 60 47
28 23 27
8 43 3
6 36 6
16 41 5
58 96 21
10 16 4
6 25 4
72 53 70
58 69 22
88 22 12
86 29 5
46 36 27
76 81 24
68 76 48
76 16 11
92 42 69
44 53 33
70 17 25
28 14 12
30 42 10
88 30 36
92 31 31
44 60 36
64 24 10
48 14 41
34 30 25
52 19 47
44 65 28
20 64 8
72 37 12
60 19 24
12 11 3
100 10 72
90 26 29
68 2 10
42 40 12
100 99 4
98 37 20
56 92 34
28 94 2
74 12 22
26 76 17
14 79 14
70 68 51
62 14 3
4 99 1
48 26 45
12 13 6
72 82 15
80 14 59
90 67 41
100 87 23
32 87 15
90 98 1
2 63 2
34 91 26
62 10 7
66 32 20
94 1 80
48 25 20
22 20 15
64 86 64
54 36 39
88 64 34
28 26 11
60 11 29
54 26 14
4 88 1
96 32 43
28 86 8
74 60 19
56 19 37
4 14 3
58 33 25
2 7 2
70 4 30
70 38 7
14 19 9
28 44 27
66 92 15
26 3 9
48 20 1
2 11 2
96 74 46
58 75 17
16 85 10
44 100 6
54 88 42
14 10 11
64 30 16
70 79 29
30 34 20
92 92 4
82 93 7
66 63 22
22 19 19
66 20 2
16 68 12
12 53 3
76 11 7
66 2 16
60 65 29
2 94 1
72 76 49
10 15 10
38 40 25
14 38 5
62 58 53
14 36 9
74 59 46
36 50 26
38 88 8
14 43 4
50 82 29
54 75 43
14 1 14
24 70 7
82 71 26
52 63 22
84 27 59
4 14 2
16 61 16
96 72 71
2 26 1
44 92 4
96 94 28
24 63 17
32 13 23
14 41 4
82 76 68
48 47 32
92 21 79
38 20 25
14 29 6
56 41 56
38 10 12
8 72 4
70 12 19
64 40 34
68 90 14
92 93 59
58 26 16
34 39 12
42 27 6
12 96 3
6 99 6
86 29 86
76 68 22
82 79 13
34 91 18
86 58 15
18 34 7
12 89 8
94 30 54
44 49 33
46 85 33
72 89 21
98 42 70
82 59 17
90 99 11
100 6 90
94 78 4
94 17 43
20 63 4
82 10 66
82 43 72
20 85 2
80 39 73
14 89 4
10 81 5
22 55 15
52 10 7
6 98 2
28 64 27
14 41 6
16 51 5
10 9 4
54 81 30
42 32 12
38 85 22
78 73 51
46 58 30
80 34 53
86 67 39
12 74 8
26 83 24
88 15 27
38 43 32
80 73 5
92 56 2
58 92 16
98 100 23
28 40 13
12 38 7
94 53 75
74 92 65
66 22 51
30 15 20
12 96 5
18 60 17
42 42 29
92 92 78
28 94 19
88 74 68
72 89 32
22 56 9
96 46 73
64 76 4
8 52 6
56 26 55
92 71 34
70 60 36
44 79 21
22 35 10
96 46 89
68 81 29
34 12 15
52 50 29
6 10 6
8 22 5
36 22 4
42 38 1
58 87 52
26 88 1
46 65 41
74 96 2
26 15 15
46 17 12
20 43 14
66 95 16
6 33 4
68 3 42
74 6 22
74 73 42
50 94 25
72 36 47
68 11 26
52 5 9
96 58 84
34 77 23
44 81 22
30 91 17
50 90 47
74 21 25
60 76 38
42 8 13
54 51 23
26 10 15
58 73 15
12 21 11
86 75 8
12 43 8
46 13 34
46 10 25
70 23 24
88 26 16
62 99 10
38 11 6
74 70 66
32 16 12
54 52 22
12 60 3
76 33 64
26 83 21
64 80 34
52 84 10
88 60 5
64 69 29
66 87 9
52 48 23
18 55 6
76 51 15
54 55 50
60 95 5
44 60 18
16 70 14
72 45 39
46 48 14
42 84 22
2 83 1
6 94 1
58 70 14
94 70 35
64 45 2
18 86 15
70 87 5
14 67 1
42 28 3
34 100 18
92 70 33
54 43 48
74 35 16
78 65 41
96 15 37
62 31 15
76 15 10
16 68 2
76 30 12
84 42 58
2 42 1
2 80 2
96 71 80
74 94 1
42 98 7
48 42 42
24 5 20
54 21 14
74 99 35
84 99 35
62 91 28
64 15 8
48 72 40
84 36 10
12 94 2
48 67 5
8 28 7
82 36 13
68 33 65
14 35 5
66 6 40
66 49 1
74 82 13
98 97 53
90 1 8
64 14 31
74 100 26
74 14 26
72 48 12
70 63 5
62 88 23
68 55 25
40 95 39
68 5 19
8 58 8
82 81 5
20 47 9
28 2 18
32 8 18
32 22 31
18 44 3
66 94 15
76 22 6
4 37 3
8 75 6
64 100 7
82 56 18
52 36 1
100 52 80
36 100 21
2 50 1
10 65 2
86 41 20
32 57 27
26 68 9
92 17 56
50 4 37
84 32 72
16 58 8
86 45 74
76 13 4
82 72 74
12 36 8
72 45 56
50 11 1
32 96 13
90 90 69
4 17 2
14 85 5
14 83 12
14 64 8
82 87 2
60 35 27
18 19 6
70 72 28
6 99 1
44 34 33
36 14 7
38 23 22
68 78 10
72 52 4
40 8 1
32 18 12
2 89 1
10 4 1
42 80 11
34 89 6
6 73 4
64 68 11
34 80 4
68 15 23
84 100 40
80 84 61
30 39 5
14 74 1
62 81 23
6 58 4
70 25 20
66 85 45
84 7 1
62 94 39
66 13 6
54 15 38
96 16 86
72 71 65
68 45 34
24 60 4
34 40 19
22 39 20
68 90 62
46 66 22
100 67 1
84 21 2
88 100 35
100 70 67
36 4 27
56 57 23
76 76 22
14 39 11
18 28 12
16 23 15
68 23 62
76 99 13
22 61 13
98 95 36
68 29 33
88 33 64
66 86 36
84 88 44
4 82 2
26 72 19
84 79 70
18 1 11
66 15 42
66 66 9
68 94 10
22 84 2
44 23 5
28 16 8
30 87 7
4 9 1
18 30 2
98 55 68
48 47 14
82 41 82
50 30 35
56 10 56
16 99 1
76 64 22
100 33 19
4 41 3
26 96 1
62 47 28
28 6 13
78 65 57
84 32 77
88 71 49
8 84 8
46 65 12
52 40 33
54 82 43
70 26 8
30 44 3
34 7 23
40 45 29
26 56 18
24 38 23
20 91 2
2 5 1
40 43 20
98 22 62
4 85 3
76 83 55
86 99 6
2 31 1
68 42 29
20 91 5
24 62 21
68 99 47
36 66 31
68 36 44
20 95 8
36 61 11
36 83 8
68 27 22
28 26 13
18 77 9
98 49 74
88 73 57
40 13 17
92 36 81
4 39 4
66 79 1
80 36 51
62 35 17
4 96 3
34 11 21
42 23 38
46 84 14
42 84 5
48 95 12
30 27 30
42 14 19
40 71 11
68 79 47
12 42 2
8 88 7
16 2 8
88 87 18
98 22 25
40 66 38
36 13 25
44 93 18
86 33 38
92 93 80
84 50 68
32 72 9
72 55 62
16 63 15
42 27 2
72 94 55
8 32 3
32 72 7
54 98 11
14 9 8
50 61 2
46 81 13
22 33 10
60 56 1
44 29 28
52 54 51
80 18 33
74 26 63
90 100 55
14 72 14
74 67 29
14 40 11
10 45 3
56 62 3
48 36 45
76 83 25
16 86 13
42 61 30
12 93 5
14 48 5
14 31 11
84 51 34
94 81 25
20 14 12
96 70 72
20 13 19
58 46 23
22 89 1
66 46 37
58 47 29
78 25 61
8 93 5
94 32 3
30 91 30
24 70 12
26 34 11
78 66 16
74 27 53
56 82 11
52 100 33
2 46 1
84 72 50
76 42 6
20 20 12
48 5 24
30 75 25
70 54 51
4 1 3
78 44 55
2 89 2
62 14 10
84 12 79
56 97 40
64 94 11
80 42 17
34 96 16
18 86 18
34 10 19
98 10 96
80 79 12
40 28 28
50 30 33
12 32 10
16 93 5
60 23 9
76 67 17
20 45 2
100 61 88
74 80 66
68 1 17
86 54 10
94 12 22
8 53 7
26 35 3
10 48 7
18 87 10
96 68 24
98 68 2
94 32 26
10 77 2
10 49 9
64 66 16
88 78 5
64 19 1
4 59 2
36 45 19
54 51 40
56 61 38
96 83 17
54 16 17
38 100 22
48 58 38
60 64 13
58 20 52
72 14 27
42 10 23
44 34 9
76 72 54
6 77 1
2 33 2
40 36 24
66 52 43
6 78 4
54 92 15
98 12 81
98 39 1
24 7 6
6 84 3
24 96 2
20 77 9
28 10 8
84 74 8
40 99 28
50 4 39
92 90 3
86 58 27
16 7 6
58 20 14
2 11 1
8 95 8
74 28 20
80 72 52
20 66 13
58 64 52
82 27 31
54 44 32
2 57 1
26 47 22
56 34 13
54 69 49
66 5 13
32 62 27
92 1 50
42 27 40
14 61 3
28 19 20
46 38 37
92 86 58
96 23 18
56 80 43
32 98 2
100 55 26
70 26 61
90 7 24
36 27 3
62 43 10
54 46 25
64 34 27
20 78 12
30 87 11
86 38 37
36 46 9
72 3 58
76 79 14
48 38 29
8 100 1
72 97 22
36 63 15
32 81 2
94 87 45
10 21 1
28 53 17
2 16 1
88 62 67
82 95 68
24 92 21
6 54 6
38 92 4
20 26 15
40 81 22
20 44 9
74 37 19
10 67 4
32 52 4
18 22 14
4 52 2
66 24 7
30 49 6
98 4 46
10 57 9
82 64 65
8 35 3
22 4 5
44 99 5
98 85 16
58 57 17
6 58 3
66 80 7
26 60 23
28 93 12
38 82 2
94 87 61
48 29 46
90 63 6
96 72 61
64 52 30
16 55 4
54 14 14
38 57 20
2 61 2
52 19 45
98 71 54
58 51 12
42 21 6
92 6 8
64 95 7
38 31 27
24 7 9
90 34 61
64 46 3
4 39 1
40 21 34
98 48 39
94 100 14
62 84 34
28 72 10
92 54 30
96 13 79
2 96 1
88 24 2
2 7 2
96 88 26
58 4 18
68 29 11
94 42 54
64 37 57
80 57 54
40 6 34
16 6 3
88 45 9
52 48 15
84 61 75
42 60 41
82 100 59
10 22 2
42 99 5
44 95 29
86 99 55
96 38 92
42 10 25
44 78 15
4 13 1
92 51 72
80 65 6
72 1 57
52 84 38
2 31 1
8 45 2
48 77 22
42 81 14
50 28 11
22 43 9
80 54 8
36 69 26
92 9 62
86 79 21
30 9 5
84 3 13
32 1 10
6 87 4
28 47 7
94 75 87
32 13 28
4 30 4
18 53 12
72 27 44
96 5 96
72 39 2
18 60 15
68 35 8
76 62 65
8 100 2
36 44 28
34 61 29
94 83 7
86 46 23
64 93 15
86 12 56
48 58 16
56 71 16
80 91 74
44 95 40
64 50 36
62 82 24
22 48 13
38 43 38
98 27 97
66 1 14
16 1 2
72 14 21
44 48 19
74 13 38
94 9 38
52 30 19
50 37 26
68 99 39
60 43 13
32 56 16
32 91 17
66 77 28
6 87 2
38 64 30
76 69 18
2 90 1
4 42 4
32 48 7
56 26 44
88 75 57
2 91 2
66 88 7
50 78 41
66 11 5
82 85 11
74 96 6
24 48 13
32 66 27
32 35 17
20 100 2
52 44 13
24 45 23
34 43 7
76 31 13
74 55 26
28 56 17
60 37 14
30 73 3
46 41 23
54 57 46
34 89 34
24 79 9
14 7 10
16 16 8
14 9 14
12 26 12
2 90 1
46 1 40
44 83 30
60 44 14
58 3 50
62 37 31
44 78 9
44 10 20
82 96 37
2 12 1
74 85 25
34 7 13
68 72 15
70 80 7
84 3 73
50 94 41
10 37 3
96 60 11
50 84 24
76 60 48
84 49 60
32 86 28
20 81 19
68 38 14
18 27 10
66 36 13
18 88 5
38 31 8
74 64 13
54 88 15
8 17 7
16 6 4
62 13 16
68 10 50
12 79 7
100 7 97
24 3 9
52 59 37
82 77 28
84 13 75
78 11 20
34 52 17
30 59 2
88 76 54
26 47 15
50 95 35
74 65 36
84 28 78
24 73 6
14 43 10
90 46 48
50 68 17
20 96 14
48 21 29
16 37 1
98 37 52
70 85 37
98 69 26
16 27 3
96 98 76
52 23 19
22 33 4
38 99 15
6 62 4
64 79 32
80 91 48
64 54 43
40 46 15
90 65 82
22 51 9
62 90 16
2 53 1
72 3 19
34 61 19
30 59 3
22 4 8
34 76 32
76 28 76
60 83 31
48 70 24
82 45 17
84 15 4
54 26 30
2 14 2
92 17 1
62 85 52
26 18 12
88 97 64
2 3 1
76 38 70
2 19 1
18 63 10
84 35 78
84 87 7
4 74 3
88 74 6
62 3 33
62 82 37
38 90 3
58 1 23
32 55 25
14 88 9
4 37 2
20 85 13
34 82 18
64 71 35
2 54 1
90 87 11
54 30 3
38 39 7
68 26 9
26 34 17
4 85 2
18 60 7
30 37 6
66 15 6
58 45 40
92 54 45
34 9 29
82 86 15
56 97 33
96 21 85
58 61 30
48 56 36
54 1 20
84 75 78
2 23 1
16 18 2
26 43 15
18 84 4
28 16 16
52 33 43
48 42 41
36 28 23
52 90 3
86 44 61
98 12 37
34 77 11
58 86 10
86 1 80
90 76 2
8 18 8
62 5 18
64 41 11
88 50 12
46 34 18
56 68 3
44 37 38
60 60 20
32 95 2
2 84 1
86 33 74
44 7 23
52 78 50
18 90 4
4 77 1
88 17 8
46 78 30
98 12 88
2 69 2
44 42 32
36 99 25
22 33 9
90 93 84
24 25 13
16 51 8
72 88 12
48 43 39
18 51 14
28 86 12
14 52 14
98 48 79
14 50 4
78 31 10
2 75 1
52 5 44
26 38 1
54 39 46
64 87 26
82 60 3
66 76 51
70 41 57
36 55 30
60 15 23
4 96 1
26 92 18
40 36 37
74 25 1
58 34 25
70 43 19
74 67 35
38 79 8
64 25 37
56 1 6
24 20 1
96 12 23
54 26 24
26 17 18
54 7 45
2 25 2
26 82 20
54 96 43
80 58 18
78 2 13
12 96 4
76 93 3
96 36 68
32 32 23
74 24 16
6 46 1
52 67 43
72 96 16
54 57 20
24 38 9
70 73 10
16 66 16
10 72 7
22 39 15
92 49 23
14 16 5
18 92 2
76 21 60
16 19 8
30 90 19
54 5 20
4 41 4
78 41 74
70 9 2
14 57 10
48 54 1
70 30 14
6 89 3
42 55 27
92 49 77
26 35 22
60 10 4
78 31 33
64 80 13
50 66 19
42 2 21
82 53 17
82 76 6
56 39 20
56 29 44
4 77 2
96 29 61
56 85 35
74 23 22
38 95 25
6 17 5
96 53 63
22 20 8
10 37 8
48 19 5
4 1 4
52 10 3
20 58 9
40 87 3
32 71 18
2 22 2
50 24 27
14 19 1
54 28 41
2 2 1
48 99 39
50 63 46
52 51 16
70 52 52
24 57 11
94 90 10
26 72 13
40 91 12
64 49 19
64 20 52
18 64 3
16 7 1
6 30 5
10 35 4
86 79 11
16 44 5
98 70 65
66 14 29
34 86 21
68 28 15
14 4 12
32 83 5
38 19 11
42 8 17
40 68 13
76 68 68
24 64 10
52 23 4
78 81 16
64 30 39
76 63 18
76 100 46
44 30 32
88 70 59
96 26 25
32 6 10
60 1 60
62 77 11
66 26 7
44 23 33
8 34 6
52 93 45
58 87 16
74 10 14
14 26 8
4 97 2
96 93 85
36 22 33
10 72 7
8 32 4
26 92 26
82 71 78
26 100 17
32 94 9
10 24 9
44 17 18
100 38 5
94 24 41
94 13 3
26 45 9
36 77 1
44 32 38
6 57 1
4 47 1
58 40 17
82 47 28
82 59 17
100 23 94
68 26 13
4 67 1
72 2 58
88 61 23
74 9 56
30 36 27
52 44 10
70 64 57
24 84 3
80 15 64
76 88 38
12 47 8
22 64 4
56 10 7
30 77 6
14 37 13
78 75 4
76 88 71
48 68 5
56 53 12
78 86 22
36 51 24
10 82 2
18 71 9
4 55 3
54 69 26
38 38 31
22 43 11
36 3 7
70 12 31
64 62 24
56 82 22
14 68 11
14 53 2
48 20 5
84 71 16
46 31 36
62 96 10
90 5 68
96 62 89
68 17 15
40 21 38
10 95 7
62 75 32
86 56 42
78 3 78
80 99 15
56 11 31
56 63 31
96 89 62
44 11 13
12 79 7
14 82 9
66 6 13
4 31 3
64 11 23
36 21 15
16 87 14
72 6 13
26 49 20
78 52 32
50 96 23
38 49 11
84 75 49
34 77 3
4 30 3
8 90 4
16 44 16
48 71 34
72 21 67
28 73 24
24 30 21
82 6 64
86 66 80
6 4 6
50 87 49
80 25 6
52 88 46
42 29 20
72 11 23
46 7 28
80 94 69
54 39 18
38 94 5
82 67 64
48 14 40
52 43 31
12 48 9
90 52 74
2 86 2
84 26 28
38 92 7
26 75 3
90 9 69
76 75 61
90 40 51
74 72 71
92 76 59
14 17 1
66 48 3
88 28 71
66 9 25
16 27 1
14 16 5
38 34 30
78 22 47
16 98 6
32 9 11
82 46 69
4 8 4
28 3 13
74 80 13
90 57 54
22 2 2
92 60 2
12 92 10
54 95 6
74 72 24
86 51 19
4 66 1
20 91 8
98 86 79
62 89 39
2 43 1
66 17 40
92 18 7
22 56 2
4 3 1
90 77 88
42 2 18
46 29 22
56 29 1
4 37 4
30 84 30
16 17 1
86 86 54
64 28 14
80 12 20
10 19 8
4 42 4
2 41 2
82 16 77
22 17 21
26 50 6
10 46 1
36 42 16
66 74 33
44 92 24
6 42 3
32 25 18
26 46 3
34 88 21
76 31 16
18 90 2
52 70 6
2 64 2
56 23 42
24 33 11
14 91 12
8 27 8
56 8 22
84 42 36
4 6 2
52 42 6
12 11 8
18 49 18
72 46 3
90 8 83
2 80 1
30 18 2
64 70 2
12 24 2
4 85 2
86 74 10
2 2 2
32 56 6
52 42 34
46 16 26
70 39 20
88 7 8
70 31 9
54 56 3
54 87 11
20 37 15
30 59 18
46 62 13
16 23 2
44 17 25
64 72 32
70 55 56
10 19 10
60 44 10
50 18 2
28 55 3
72 99 22
34 97 2
12 19 6
30 12 4
22 78 13
74 82 67
56 84 39
56 81 38
52 75 11
46 96 10
26 2 15
48 38 16
16 43 5
48 100 37
46 77 5
52 48 9
20 36 14
46 64 7
62 95 12
22 60 15
54 40 20
46 99 2
24 42 24
2 12 1
40 93 14
16 57 5
80 88 21
32 15 31
24 55 1
4 83 4
56 96 22
56 64 26
88 100 71
70 17 28
76 70 41
4 18 4
38 7 35
44 99 44
64 8 11
48 29 35
6 18 3
2 93 2
100 48 42
62 12 7
36 31 24
80 7 6
28 16 9
68 22 32
20 81 10
90 65 40
30 58 3
2 3 2
14 33 14
4 26 3
68 83 10
62 36 32
78 86 22
78 75 18
18 46 2
12 37 4
2 92 1
46 61 32
26 40 21
54 46 9
22 100 6
38 35 11
64 71 46
86 97 54
14 76 6
40 40 10
58 88 34
58 22 34
76 96 35
92 13 8
58 33 56
56 78 16
38 85 1
98 35 20
6 68 1
70 49 16
52 71 33
6 20 1
34 16 20
88 2 66
64 73 53
24 97 18
46 13 41
58 65 54
72 76 41
68 9 67
14 58 14
88 28 50
12 29 5
42 62 39
86 34 38
72 42 23
68 40 26
78 15 14
44 30 24
68 82 9
20 25 16
72 21 17
82 34 14
62 49 17
26 58 23
4 54 2
86 7 77
66 7 32
48 45 9
2 50 1
76 89 61
18 48 10
8 88 4
96 29 44
100 34 62
48 50 3
32 27 25
78 28 28
10 32 7
6 9 3
4 25 4
34 6 15
84 79 66
62 48 16
28 74 10
52 76 35
26 15 22
76 54 74
78 73 62
10 23 8
22 50 12
6 46 3
64 49 27
98 92 10
52 58 9
14 62 1
60 27 50
48 37 18
22 9 1
28 12 10
46 55 34
96 15 89
14 95 12
26 61 11
94 59 1
50 76 1
42 75 28
52 88 10
98 61 85
26 2 9
60 75 5
72 53 72
98 21 61
8 46 1
26 17 20
24 23 10
20 91 11
36 31 18
22 77 14
52 5 25
8 84 3
100 9 97
50 13 13
22 7 16
44 87 38
20 35 17
60 58 21
98 1 54
64 20 13
18 67 8
82 85 31
20 30 20
92 80 14
96 20 53
100 14 82
64 68 33
62 63 13
80 77 70
66 68 17
62 68 33
98 91 4
22 69 10
24 59 13
16 90 4
62 21 23
86 9 4
66 88 5
8 54 7
22 90 10
28 67 9
52 93 35
46 69 12
20 59 13
42 79 3
6 69 6
94 88 87
26 100 22
8 46 3
36 65 32
58 71 23
40 33 13
84 19 44
66 28 27
78 77 5
34 42 4
84 50 14
16 18 15
62 99 38
64 66 12
26 21 13
26 100 11
2 12 1
90 96 25
60 71 46
4 12 2
84 4 54
14 62 1
62 98 30
40 1 20
64 35 22
96 63 16
26 56 2
2 62 2
52 46 6
6 100 5
36 87 35
88 49 77
58 43 10
62 36 5
70 22 40
84 84 59
22 36 4
54 78 9
64 51 46
58 89 37
72 81 48
96 29 39
2 58 2
24 60 18
48 22 34
28 43 17
52 62 44
58 20 2
22 93 17
40 21 7
74 30 13
50 3 7
64 89 19
38 81 15
64 16 40
34 74 11
48 61 33
62 35 29
80 1 49
88 60 67
62 46 42
56 93 35
22 57 5
24 44 21
30 77 21
96 74 50
18 65 11
38 68 12
36 73 20
70 21 18
62 89 58
50 13 37
90 33 38
56 84 18
74 46 6
2 45 1
98 35 20
90 46 65
86 97 85
6 53 3
62 1 12
86 79 40
90 84 7
86 26 44
64 27 5
86 97 11
80 13 9
42 35 13
4 15 2
48 63 19
26 71 11
82 66 5
28 36 7
96 5 24
66 41 5
58 8 50
6 89 1
30 3 24
90 66 7
54 34 47
20 69 14
12 82 3
50 65 34
12 33 6
90 49 42
54 30 15
46 72 42
72 38 15
36 39 36
46 17 10
14 60 4
18 70 1
90 87 10
58 79 52
74 78 66
88 48 64
4 5 2
24 10 1
72 71 9
62 93 37
28 31 20
52 81 26
42 92 34
52 94 10
98 69 87
56 39 9
22 87 12
34 64 12
84 54 34
78 81 9
98 19 87
88 95 79
64 53 57
94 3 60
54 40 29
70 94 11
82 7 80
50 51 17
60 82 31
32 9 2
40 81 20
52 36 6
92 28 83
54 83 2
38 83 15
20 87 3
88 39 23
16 24 15
80 96 80
50 63 6
64 25 18
96 5 8
12 73 11
74 87 28
30 88 23
90 7 31
82 33 38
46 33 7
16 38 13
42 24 1
14 3 2
54 19 9
6 12 2
90 6 48
70 31 3
76 89 23
80 10 37
56 83 23
4 58 4
72 19 17
50 91 48
98 71 86
30 12 13
68 85 44
72 18 62
86 34 44
30 12 6
46 20 22
66 89 49
36 22 30
36 27 25
78 71 75
42 40 31
2 53 2
62 38 44
56 31 49
98 41 93
34 73 27
38 91 36
30 18 24
50 70 42
86 82 57
86 78 8
78 91 51
66 35 49
94 61 1
4 93 3
26 18 21
22 32 18
4 35 2
66 93 24
24 5 2
26 76 8
12 37 2
6 94 2
74 70 43
48 71 4
22 86 8
54 60 23
6 75 3
42 46 33
82 89 25
60 6 35
44 93 16
46 61 28
50 68 42
66 34 19
82 26 6
48 95 10
76 54 46
2 37 1
14 8 1
68 80 63
22 3 20
74 28 14
62 15 19
2 4 2
24 78 13
8 37 3
50 13 33
78 61 3
88 90 4
18 86 4
28 71 28
90 61 29
16 41 1
86 86 59
12 42 10
88 46 81
16 25 11
24 83 8
60 81 22
22 1 6
22 78 5
8 62 4
10 39 7
18 2 7
52 3 23
68 71 61
4 24 1
46 70 31
78 76 16
4 58 2
52 24 42
82 18 9
44 63 44
72 74 61
74 54 5
48 99 29
98 80 47
34 66 21
28 1 9
18 54 8
50 58 48
66 65 37
30 54 25
34 39 2
72 35 29
4 12 1
86 91 20
22 3 18
94 49 14
64 87 29
98 24 60
8 79 7
82 38 18
22 53 8
22 82 6
38 40 30
30 87 29
78 29 75
26 42 17
94 64 5
82 34 76
50 90 49
8 30 4
16 51 10
2 65 1
76 62 52
60 29 52
66 37 54
12 43 4
26 32 26
94 83 10
98 64 91
34 4 28
22 52 18
46 23 39
86 90 81
100 21 88
72 88 57
20 73 10
6 99 2
86 86 82
68 60 29
40 100 6
96 16 18
26 37 17
22 48 20
2 32 2
52 89 47
8 4 4
78 48 21
86 2 33
46 21 14
10 55 4
48 2 18
4 82 4
76 38 26
24 3 15
52 2 42
30 32 3
34 97 24
56 7 32
12 11 3
74 83 13
44 47 16
28 66 10
20 79 14
80 88 10
18 45 17
2 61 2
90 19 61
34 46 22
88 86 64
2 3 2
96 1 96
24 47 16
80 49 11
16 17 8
80 15 29
12 98 9
72 53 28
40 90 5
82 63 25
98 80 46
92 98 34
10 1 3
36 45 23
16 83 9
32 71 1
30 24 7
22 73 19
2 76 1
32 43 10
26 30 5
90 25 34
16 15 8
34 34 28
38 95 10
30 85 20
86 2 19
20 78 11
12 50 4
14 27 9
86 64 2
2 76 1
72 3 14
70 15 14
98 20 36
20 23 7
2 58 2
82 9 50
94 12 62
36 64 16
16 7 10
36 20 13
26 54 21
72 91 11
76 20 5
12 68 11
90 44 15
96 44 41
32 91 2
84 38 45
86 1 45
84 68 81
20 18 3
44 94 11
86 68 17
12 31 4
36 5 2
4 100 3
10 80 5
88 95 39
28 60 7
78 67 45
86 94 13
38 54 38
40 10 39
10 74 8
42 59 35
76 84 23
38 74 10
24 41 4
76 76 36
52 57 44
84 63 79
84 85 60
34 85 17
44 100 23
64 77 48
28 48 18
62 15 25
82 31 5
76 2 74
54 51 18
50 85 32
40 75 20
92 6 15
28 89 28
62 54 6
42 28 13
4 69 3
6 50 5
64 45 8
98 88 86
22 45 14
36 85 23
48 52 37
8 34 5
18 59 14
86 87 19
40 58 12
54 67 54
94 63 31
50 61 40
2 92 2
92 66 29
60 40 7
48 99 38
68 66 24
54 44 16
60 57 6
66 79 52
90 90 15
80 63 20
100 38 67
76 29 26
82 6 73
46 97 11
34 93 16
52 1 35
2 40 2
42 48 15
80 54 38
20 83 6
82 88 70
58 25 42
42 65 39
82 72 4
48 82 16
28 27 13
62 24 39
90 60 79
80 46 13
14 28 4
68 11 6
60 87 20
24 66 6
34 13 14
36 36 26
42 40 25
46 47 18
26 89 17
10 7 6
10 43 7
26 4 4
12 11 1
92 81 9
30 26 18
68 16 15
78 100 13
66 1 42
84 32 14
62 47 11
60 66 32
96 96 5
52 88 49
12 12 7
58 5 31
16 88 7
2 15 1
6 6 4
58 78 20
22 20 5
62 46 4
86 7 81
10 21 2
12 98 7
14 10 2
48 20 16
84 21 7
98 74 28
16 44 14
62 55 34
6 28 1
22 16 14
62 31 39
76 43 52
28 45 21
38 42 20
74 22 54
24 47 24
86 7 4
72 94 57
48 8 12
46 60 33
52 18 6
8 28 8
72 12 55
40 31 16
46 18 35
52 63 3
26 54 25
34 7 1
26 68 13
4 43 3
22 47 20
94 68 78
92 68 63
78 61 32
26 98 16
82 21 15
80 62 9
54 26 7
16 73 9
98 40 51
40 34 31
68 66 17
52 66 8
100 77 96
6 22 5
4 75 2
24 45 24
36 74 36
84 1 22
66 21 14
34 84 4
56 2 40
68 77 61
50 46 2
20 47 17
90 46 45
84 65 59
96 4 82
78 33 8
12 33 3
68 6 44
20 54 16
2 5 1
96 67 87
90 4 49
20 3 8
36 71 18
42 58 23
2 10 1
74 28 55
38 84 31
14 29 10
24 58 16
46 77 7
48 53 43
20 17 17
24 63 4
58 19 18
86 85 82
64 84 36
2 40 2
2 52 2
38 9 36
60 97 31
36 90 21
34 1 13
70 11 32
34 86 9
6 59 2
100 74 20
20 43 9
56 84 23
18 53 3
74 60 63
36 66 9
16 97 12
32 83 27
58 55 12
92 37 88
54 27 7
22 34 6
44 64 30
46 43 7
52 86 40
26 7 2
20 72 8
90 5 58
56 29 56
22 33 3
6 72 2
22 97 20
62 48 32
68 62 43
98 11 32
48 67 45
72 63 60
70 19 34
40 80 26
52 72 7
46 4 8
6 65 3
66 52 42
34 52 9
48 52 46
58 76 35
60 27 1
20 44 12
48 42 13
98 71 54
50 30 21
64 30 51
60 47 35
84 30 62
2 78 2
100 56 21
96 49 2
94 44 3
64 71 28
60 92 31
42 60 31
42 61 34
46 32 22
84 36 4
4 82 4
76 74 5
90 79 4
84 40 64
62 35 30
46 98 24
58 7 15
94 66 20
50 73 10
38 94 23
70 9 59
18 84 18
2 86 1
76 28 7
46 96 33
86 82 22
14 83 10
82 49 9
20 47 9
26 72 8
40 10 9
96 39 25
92 90 45
6 60 4
52 43 44
80 60 12
56 8 44
80 18 66
74 28 4
46 9 14
12 60 9
26 64 1
24 97 5
70 78 24
72 96 27
86 100 85
44 34 40
80 10 66
62 30 39
64 9 21
60 90 6
34 69 12
18 43 1
46 12 46
88 84 6
40 74 18
76 44 49
60 46 24
82 87 17
38 79 9
32 54 4
22 29 4
56 21 30
94 51 82
14 15 1
60 25 20
42 74 25
72 7 15
14 6 5
2 85 2
78 14 6
34 42 5
76 36 37
18 34 7
80 21 4
68 57 13
82 61 23
28 40 3
84 6 41
64 49 25
2 14 1
88 78 64
50 93 44
84 94 48
30 71 9
70 38 28
84 92 42
20 57 15
66 92 54
88 63 82
28 26 11
78 79 24
34 70 7
62 87 10
26 63 17
6 17 5
62 27 16
42 51 14
32 51 16
36 51 28
64 43 11
86 33 5
64 71 24
92 7 20
88 51 81
44 23 32
68 72 32
70 73 21
66 88 19
96 57 80
42 48 4
14 45 14
44 31 9
36 39 19
10 36 7
54 67 27
26 68 12
90 57 77
54 67 42
98 26 18
2 34 1
28 42 22
34 13 20
82 21 58
70 99 3
2 37 2
64 68 4
24 13 8
70 75 49
36 61 16
24 22 9
44 6 19
80 62 23
84 84 43
26 91 13
68 65 28
20 72 3
54 50 7
34 90 14
72 51 8
56 56 52
82 24 24
90 12 82
52 45 14
54 25 31
64 52 15
68 19 1
70 61 32
92 26 4
78 36 62
24 55 22
2 31 1
46 21 18
16 3 5
54 98 23
58 28 7
14 93 7
42 77 21
84 72 73
36 83 27
62 89 53
2 9 1
78 87 16
84 68 48
58 74 18
52 27 29
68 49 68
2 83 1
82 81 5
4 21 2
24 5 17
94 93 51
20 60 6
66 88 14
48 9 40
78 27 16
16 63 10
64 75 45
90 99 7
52 12 19
6 49 4
74 80 36
80 63 1
6 2 5
16 53 6
26 47 24
88 86 34
48 97 45
32 38 7
36 80 21
82 94 17
52 93 4
24 14 7
94 81 77
6 40 1
28 65 9
88 31 18
82 20 3
16 1 12
36 43 24
24 53 14
34 39 22
70 39 36
8 17 2
84 83 65
6 8 1
58 82 15
24 41 20
64 37 35
66 80 17
44 63 23
98 50 41
100 23 72
10 90 10
100 21 47
52 60 8
98 88 94
44 50 44
40 66 4
90 50 41
28 31 9
54 81 37
34 100 14
26 97 22
20 65 17
60 90 29
38 76 27
54 29 29
4 4 1
24 14 3
22 53 7
96 28 8
30 96 29
40 16 20
18 21 15
52 51 19
32 14 31
54 90 34
22 11 17
6 66 2
74 45 17
48 4 25
16 33 1
54 26 44
30 65 29
96 55 32
18 70 13
20 31 20
28 24 20
64 88 14
80 40 43
76 64 36
96 12 12
12 62 12
64 96 20
34 7 33
94 75 83
34 94 30
50 100 9
88 78 8
6 100 6
40 62 11
4 64 4
2 34 2
46 36 24
40 58 17
60 26 33
64 3 12
50 36 12
58 68 15
32 6 16
74 30 24
22 24 13
8 41 3
64 45 19
70 48 47
42 82 31
28 26 2
62 91 20
86 65 3
30 35 15
6 28 6
80 36 28
50 62 45
14 43 12
92 50 33
48 5 19
76 25 55
74 51 3
40 99 11
72 25 58
76 74 69
64 37 45
40 33 9
88 42 71
62 71 32
24 48 10
56 59 2
12 99 6
84 38 47
60 38 10
78 29 66
40 4 8
86 7 81
48 93 27
86 29 47
6 84 5
30 40 27
40 11 14
24 95 11
44 78 25
62 88 16
94 33 93
22 10 5
96 6 81
56 2 12
94 65 36
62 13 31
66 91 35
34 21 15
94 46 75
24 39 1
54 90 18
4 58 2
82 52 36
6 80 5
94 57 83
86 11 42
98 69 22
26 70 5
44 96 4
30 11 8
84 75 6
70 65 69
76 75 20
98 22 83
28 80 11
56 2 16
14 29 5
38 44 36
72 48 32
16 65 2
92 11 82
28 18 20
26 77 26
36 45 6
2 17 2
40 27 39
56 92 54
94 11 71
46 63 17
88 13 82
6 59 6
2 32 2
96 13 47
18 74 13
20 68 2
74 67 2
20 70 15
50 78 27
62 86 15
46 30 17
16 78 14
10 53 1
24 17 12
30 99 10
6 62 5
22 82 12
36 15 15
84 88 15
84 25 41
24 3 23
2 59 2
16 15 12
94 22 75
10 53 8
6 13 5
26 85 3
16 53 7
46 82 22
28 3 14
82 65 56
48 17 33
2 66 2
90 84 90
62 61 32
72 78 19
92 41 82
18 17 18
28 89 7
46 17 14
26 66 8
74 75 14
60 65 29
26 93 17
94 72 44
96 64 48
64 59 15
36 24 19
76 82 59
82 60 51
68 32 24
26 92 21
2 82 2
28 75 14
24 59 8
72 77 9
30 71 6
36 69 18
66 4 22
24 73 19
54 23 9
38 3 4
66 96 56
52 16 36
20 57 13
96 94 80
96 99 37
36 15 16
10 34 5
2 87 1
72 16 38
48 76 8
94 89 34
42 96 26
12 96 7
12 69 4
20 91 9
52 74 23
80 100 28
44 15 5
74 81 25
72 60 25
14 26 4
94 62 51
68 70 3
38 47 14
12 4 6
76 84 20
64 30 35
34 75 28
70 35 41
48 88 25
28 16 8
86 95 3
94 39 81
96 24 42
44 51 16
46 64 43
72 23 14
64 68 42
28 73 3
58 45 16
40 18 16
46 63 16
14 98 6
32 93 13
74 44 64
32 65 22
68 71 5
74 6 15
72 76 18
46 27 2
24 16 5
72 5 19
34 85 27
98 91 26
94 65 35
94 47 18
32 7 21
32 42 17
6 4 6
58 27 29
24 27 22
58 61 2
4 83 4
26 89 7
54 3 12
84 9 64
18 6 14
74 18 20
56 7 50
88 28 55
90 51 58
20 66 18
36 93 24
24 67 2
76 28 49
60 54 23
20 36 16
70 67 4
72 95 42
88 22 28
92 31 65
58 35 15
20 88 8
36 54 5
26 75 13
40 13 9
92 30 7
2 2 1
78 45 7
54 74 16
14 44 10
6 87 1
50 20 41
48 37 31
50 59 9
20 26 9
46 27 42
56 2 45
28 15 23
90 9 1
36 57 17
46 10 19
68 46 35
34 94 18
2 69 2
2 66 1
18 70 5
96 76 84
42 17 40
42 69 15
40 26 4
90 5 79
34 89 16
50 45 14
74 92 66
76 31 6
52 80 39
42 24 26
12 9 8
44 73 32
4 38 1
50 16 23
68 82 3
8 24 1
84 3 69
96 93 1
42 52 14
26 12 12
32 4 32
28 40 16
56 16 2
54 48 41
80 18 29
2 23 2
70 81 13
26 83 26
46 77 31
12 39 8
20 32 3
20 51 1
2 47 1
50 62 44
26 9 5
2 92 2
30 21 24
50 85 8
74 97 34
24 80 22
84 17 71
88 30 12
76 6 34
24 92 20
18 77 14
42 17 6
64 100 21
70 27 70
30 44 24
74 61 28
4 22 1
98 69 40
62 82 50
76 5 26
26 89 21
56 93 44
62 71 2
58 23 8
18 6 1
22 49 3
48 24 44
68 1 20
70 23 42
74 80 25
52 36 19
32 8 30
32 15 12
36 51 2
30 77 8
86 67 14
24 21 4
98 43 28
58 66 10
74 2 26
34 46 24
10 32 7
54 61 37
4 28 3
12 12 10
6 14 1
28 1 12
52 87 47
68 22 8
82 44 78
62 70 54
38 49 27
2 37 1
62 15 43
62 81 30
50 24 23
58 99 9
30 18 25
82 82 45
58 28 17
46 48 43
4 54 4
82 87 20
82 76 33
4 28 1
40 86 11
46 92 28
58 64 43
84 1 14
18 64 6
10 88 7
54 7 54
94 97 21
88 43 25
98 100 94
62 12 22
98 77 12
82 22 82
34 33 13
80 64 53
48 3 29
90 82 90
36 19 6
52 63 8
64 81 12
90 31 68
46 6 41
80 80 3
4 14 2
90 62 14
6 98 3
58 45 34
12 23 5
96 78 10
88 40 28
46 76 43
56 67 47
10 96 9
20 97 14
46 100 5
4 13 3
16 12 8
40 97 20
6 2 5
36 28 34
50 90 49
18 18 10
98 38 40
8 75 3
34 41 7
82 85 22
54 45 6
72 3 10
58 89 18
70 11 53
4 44 2
64 79 26
28 83 21
2 9 2
30 4 7
58 90 25
82 7 65
30 83 4
14 65 2
100 7 19
30 76 26
86 42 3
60 37 3
36 23 36
90 23 13
24 83 8
12 77 6
16 91 8
22 48 14
84 68 49
62 85 8
10 9 4
44 84 13
2 15 1
50 43 40
42 81 8
94 86 83
84 43 51
22 36 11
50 42 37
8 74 6
36 37 19
30 96 19
78 31 17
66 64 14
2 27 2
24 8 21
30 62 20
90 7 24
36 82 25
38 93 26
78 99 16
34 60 33
86 19 75
16 92 2
44 54 16
98 28 52
86 29 2
8 2 4
22 17 9
74 39 13
44 65 19
48 8 40
38 96 5
74 86 22
62 3 47
92 33 91
6 10 3
28 70 25
14 42 7
16 6 15
80 79 34
74 42 22
50 65 31
42 49 31
34 93 17
64 66 19
78 51 75
42 37 5
14 18 5
78 9 32
30 81 14
6 4 4
74 38 30
70 39 20
14 64 9
4 76 1
18 46 1
52 57 29
64 54 58
52 46 47
92 33 56
56 81 2
24 51 11
86 26 71
2 83 1
4 24 3
100 38 74
84 13 51
72 33 41
98 28 79
78 43 56
82 92 4
74 22 10
48 78 39
82 37 7
58 40 22
70 85 2
82 69 2
36 81 14
34 45 18
70 6 28
70 24 32
56 84 50
90 94 27
100 85 99
64 55 11
26 49 8
64 78 38
76 23 76
52 76 28
88 11 63
18 20 17
66 39 13
86 77 23
90 95 61
94 25 27
82 63 7
74 47 25
58 31 19
46 82 37
100 17 18
8 32 2
90 73 9
6 70 5
38 78 19
34 9 30
56 38 27
30 10 18
72 8 5
2 42 1
24 23 15
36 40 5
68 78 44
32 12 2
26 63 26
96 63 56
30 19 6
80 44 80
30 76 9
74 81 33
88 45 46
58 54 8
72 79 46
24 96 4
66 37 17
66 91 40
2 93 2
60 45 10
32 72 30
62 4 24
68 68 26
38 51 5
10 53 3
26 1 16
84 80 7
100 42 21
54 36 31
98 20 39
8 90 1
72 15 53
70 95 35
48 68 35
56 68 25
70 25 12
40 96 20
78 16 59
52 56 44
78 71 5
10 30 4
98 31 74
52 42 34
54 28 43
92 51 61
72 3 39
32 42 25
8 17 8
72 69 68
100 23 27
4 77 1
40 68 33
30 54 27
12 10 5
80 89 43
86 53 84
2 26 2
94 88 75
46 5 20
10 47 7
72 34 34
18 38 7
4 75 3
96 49 65
72 61 6
44 12 37
46 63 36
16 66 5
90 17 90
54 88 18
66 9 21
2 81 1
78 21 16
24 65 10
32 23 1
42 29 25
8 7 8
52 23 35
4 8 2
92 6 12
64 83 35
66 41 5
94 12 4
16 68 12
44 90 29
18 27 16
72 32 51
36 14 4
40 81 28
34 93 20
10 12 10
60 79 35
86 87 5
24 39 10
74 32 34
26 84 26
76 2 21
30 9 12
6 70 1
14 84 7
18 43 12
30 43 19
50 60 28
2 64 2
50 26 21
50 100 50
18 12 4
48 58 25
8 57 7
82 57 12
18 31 4
36 98 15
32 69 13
78 99 58
22 85 6
66 7 20
42 64 36
64 23 15
98 99 22
84 21 75
66 73 27
48 58 3
6 2 1
78 17 50
50 81 9
30 43 7
62 12 60
94 60 36
28 40 28
62 29 35
80 48 49
86 46 24
62 17 58
20 100 13
12 18 4
76 90 55
32 49 3
92 65 4
26 79 9
2 64 1
18 12 9
16 68 4
14 52 5
44 84 5
76 79 54
46 5 20
84 38 51
60 52 49
76 10 45
68 73 19
20 68 17
54 42 46
86 80 7
34 62 30
100 71 73
48 63 20
64 100 2
2 95 1
74 4 20
14 11 8
92 75 68
8 95 6
74 18 9
90 52 37
42 28 41
24 99 4
46 77 43
96 61 25
58 15 18
88 39 25
60 99 10
6 86 6
56 67 53
24 49 3
30 65 5
92 46 8
8 1 4
8 38 5
14 78 8
40 40 31
76 59 46
86 25 85
76 41 55
34 51 23
56 94 17
26 2 25
40 63 29
54 5 43
36 97 3
70 80 18
62 1 23
70 21 38
66 52 22
10 1 10
56 71 33
72 51 5
58 6 23
48 34 36
38 40 30
46 16 19
96 42 86
26 48 10
80 79 16
52 74 11
76 13 21
10 43 9
28 17 4
38 57 10
86 40 5
18 84 15
18 6 11
86 87 4
4 49 2
14 9 4
60 100 15
6 56 5
20 54 5
24 35 12
4 29 2
68 93 27
2 43 2
20 42 9
80 13 8
2 91 2
86 41 48
26 2 16
60 19 23
72 10 57
98 58 74
80 91 7
76 72 4
90 14 85
24 97 18
46 51 43
32 79 6
80 8 52
82 36 7
38 75 23
68 87 15
84 77 56
2 20 2
48 25 45
10 42 9
74 46 64
38 11 30
30 21 19
34 99 3
94 76 66
34 55 21
80 63 42
2 14 1
44 17 1
64 70 16
52 12 7
60 71 21
82 90 1
16 70 15
20 13 15
86 82 22
44 70 17
6 45 4
44 46 27
100 34 64
42 51 8
44 93 19
74 73 34
74 64 41
58 92 1
60 61 37
50 77 44
26 97 1
62 69 21
88 17 18
96 8 36
6 20 6
18 8 13
72 37 19
44 34 7
50 88 32
30 3 21
32 48 25
40 30 15
58 100 33
84 80 80
84 85 72
68 62 24
80 45 44
38 30 25
36 11 12
4 99 3
36 20 22
28 84 11
34 98 2
40 48 6
24 32 16
40 94 30
2 98 2
74 79 66
52 48 52
46 29 10
40 79 26
28 64 15
4 23 3
78 18 21
40 44 20
18 33 6
44 55 4
84 60 65
68 66 25
92 17 21
100 92 5
52 41 38
18 6 5
90 52 73
48 16 36
10 95 8
72 55 57
86 28 81
86 35 34
12 39 7
42 87 16
38 94 6
84 80 72
74 60 42
42 75 30
68 85 28
70 15 5
58 19 15
58 38 34
94 32 93
26 99 13
86 63 9
16 70 7
20 2 10
96 60 15
90 9 24
74 40 2
10 71 6
84 10 47
78 87 57
88 63 32
14 43 14
54 20 48
52 40 45
96 81 91
96 98 66
66 93 34
54 66 9
24 73 10
92 60 6
94 100 32
80 54 47
58 40 31
2 55 1
10 16 8
2 8 2
2 13 1
2 74 2
52 34 25
28 63 17
36 43 36
58 95 7
80 36 57
32 81 16
88 100 7
30 85 27
52 71 22
54 21 8
6 97 2
24 77 18
48 28 35
92 9 34
76 7 14
46 44 2
22 13 12
38 4 15
80 54 6
96 50 94
24 2 12
86 83 15
24 42 1
42 97 20
36 71 16
8 29 8
40 17 28
86 70 13
98 53 35
50 52 41
14 94 14
28 2 6
94 15 22
86 93 34
76 97 5
66 50 26
94 74 66
12 79 9
60 89 9
28 89 9
24 16 5
6 18 3
70 69 63
32 87 9
98 67 7
32 95 9
38 49 32
64 42 31
14 51 11
18 75 4
36 3 33
76 90 5
44 77 5
40 34 4
54 62 31
84 14 44
72 87 61
70 12 27
16 59 3
62 42 42
50 41 5
46 80 38
56 79 9
96 86 79
78 17 30
76 4 41
90 16 40
26 94 12
82 20 8
4 35 2
4 50 3
96 53 27
36 95 28
70 97 21
92 31 2
88 90 28
64 7 64
74 83 61
72 11 7
68 98 25
96 93 46
92 14 56
42 100 17
86 87 30
56 8 19
68 99 17
28 21 9
42 82 30
84 29 12
48 100 4
30 23 8
40 54 21
70 7 24
26 35 6
16 5 1
28 27 25
44 25 11
20 10 17
90 68 17
98 97 25
26 78 19
52 30 29
8 42 3
72 41 58
66 27 39
64 38 35
28 45 7
14 91 1
58 79 43
12 79 2
76 43 61
78 81 14
80 26 61
62 34 55
30 3 25
20 12 2
6 70 1
58 13 31
90 66 58
54 96 9
46 91 27
2 61 2
56 41 39
84 95 1
70 90 5
70 4 52
56 1 34
76 80 70
28 85 10
60 23 10
100 43 85
54 80 35
94 47 32
14 26 9
72 17 10
56 84 18
40 13 34
58 50 1
94 15 6
72 92 40
92 89 7
32 8 2
46 40 2
78 8 68
48 31 2
64 70 6
88 7 35
86 88 2
44 94 5
70 71 12
74 5 14
90 73 19
60 19 12
56 37 5
26 72 3
18 65 16
70 95 43
64 89 13
78 26 13
28 25 23
56 53 35
84 93 16
82 2 7
22 90 16
52 22 4
56 72 34
66 64 29
38 64 19
8 6 7
74 44 13
16 55 3
2 1 1
14 75 6
38 43 36
14 40 6
6 60 3
20 85 10
50 43 46
82 64 28
12 45 7
14 50 4
24 90 2
32 64 19
28 64 18
30 85 4
28 93 18
44 77 40
14 49 8
16 9 15
84 50 36
66 4 62
18 41 12
38 83 10
2 18 2
18 19 5
98 58 2
68 89 17
50 22 47
66 89 20
46 19 4
32 87 23
50 90 28
60 29 5
42 14 6
14 83 10
42 5 6
18 47 10
42 7 41
68 9 52
54 12 8
62 6 11
46 77 14
58 95 26
2 87 2
78 66 55
78 88 31
18 17 17
86 33 23
68 23 13
76 93 52
98 50 7
52 48 28
80 5 53
32 96 5
36 89 22
62 43 16
56 43 9
46 14 36
64 58 1
100 31 95
12 75 2
46 13 38
78 18 67
2 84 2
42 13 4
98 83 23
52 66 26
96 43 88
88 11 80
36 5 31
86 82 2
80 51 11
2 31 1
2 81 2
52 25 27
14 96 1
96 7 48
28 26 9
48 1 4
22 82 5
26 53 21
82 35 3
76 9 8
62 23 34
44 2 41
42 68 12
90 23 71
92 41 70
96 24 18
66 33 7
2 39 2
44 80 31
54 51 22
64 48 29
22 10 16
58 55 24
92 44 42
90 64 4
42 46 16
14 83 11
64 5 6
70 10 8
36 52 27
16 16 11
54 30 32
8 16 4
2 6 2
64 53 19
78 4 72
4 94 3
20 45 4
20 20 4
16 24 5
36 27 35
70 9 10
30 23 2
70 29 27
20 33 17
88 39 6
64 80 56
8 96 6
78 32 7
88 26 75
2 44 1
32 34 31
16 27 2
88 100 1
30 11 22
60 68 10
2 65 1
96 35 53
54 31 35
64 69 19
12 22 6
22 77 3
24 31 19
52 5 8
6 86 3
26 37 3
96 18 63
84 54 11
6 12 2
12 56 8
18 8 5
54 9 20
60 58 33
80 60 13
66 92 56
56 59 4
46 100 2
72 48 25
40 17 8
76 57 8
54 88 14
28 85 8
30 87 3
36 32 18
32 24 22
92 49 8
80 10 75
74 50 23
64 61 4
96 71 91
38 18 20
44 46 13
72 90 21
62 82 7
22 42 2
70 63 19
86 15 14
16 38 3
40 9 7
46 41 7
24 35 14
48 4 47
66 19 29
54 72 14
72 62 17
72 58 17
32 31 5
92 79 83
94 97 5
40 44 20
58 44 42
38 56 22
58 54 19
82 58 26
86 35 11
60 56 38
10 82 3
88 79 71
66 70 18
12 78 4
28 74 17
30 27 11
30 79 10
98 77 3
48 29 26
14 90 5
54 55 18
100 12 91
58 54 41
2 52 2
26 62 4
12 28 1
86 46 45
52 75 14
60 45 33
4 3 1
86 24 4
76 11 4
76 31 32
58 48 17
32 44 10
100 33 14
88 19 88
50 6 32
70 83 1
78 31 54
60 2 16
56 37 12
2 92 1
10 68 7
30 51 27
98 46 65
38 36 28
82 70 71
86 70 21
66 3 7
28 49 12
58 2 11
76 8 54
28 29 7
90 8 66
64 66 60
88 28 30
36 74 23
48 34 32
52 65 25
6 85 1
20 18 3
90 39 56
90 20 23
32 22 19
28 69 20
80 25 31
92 86 59
96 10 63
42 72 3
80 44 14
86 42 4
42 41 16
46 93 25
18 6 3
94 97 60
98 7 42
78 24 35
60 74 29
94 48 31
38 75 7
12 73 1
66 74 7
72 32 25
2 83 2
76 53 24
4 28 1
24 80 5
74 56 13
20 44 7
28 24 21
82 44 43
98 71 4
98 23 49
80 26 69
58 59 15
80 46 65
8 57 3
84 5 25
34 69 3
18 97 13
80 100 6
12 16 4
2 13 1
22 51 5
92 72 63
6 79 3
24 59 8
14 16 11
28 40 13
66 93 42
98 35 89
34 67 11
12 4 7
84 52 63
16 23 9
56 45 14
76 46 25
38 11 20
32 94 10
44 44 6
98 46 33
16 32 11
8 25 7
100 1 47
96 91 64
78 34 72
20 77 10
36 74 25
42 46 16
6 15 3
58 28 15
30 83 28
2 47 1
78 92 16
94 46 15
4 28 3
26 47 7
68 50 6
90 24 57
64 75 56
2 78 2
60 6 1
98 10 58
64 58 58
14 47 1
88 91 71
66 89 35
4 79 1
72 46 29
40 88 3
88 86 67
52 50 47
60 69 42
4 33 1
60 49 51
78 62 42
50 76 41
66 98 47
36 80 24
40 39 25
36 73 7
90 22 77
64 32 50
74 43 64
62 14 36
12 61 1
56 24 37
58 23 39
98 5 31
92 60 78
16 81 3
40 73 17
78 98 13
54 65 17
16 48 4
80 9 26
12 42 8
48 7 45
54 18 40
26 45 2
24 39 22
30 10 19
34 27 26
80 93 78
38 60 18
46 51 46
56 6 4
38 64 22
56 80 29
2 40 1
60 48 16
14 98 4
74 74 21
2 98 2
72 75 37
52 46 5
66 14 66
86 32 15
70 60 44
68 76 28
34 28 9
88 68 36
70 23 30
20 54 16
98 60 49
74 67 62
54 8 42
64 91 24
12 50 5
52 98 9
6 67 5
82 13 74
12 70 6
20 6 5
28 13 3
32 63 5
76 14 71
46 74 8
34 96 4
16 45 1
14 42 1
66 42 6
10 39 10
12 24 6
18 43 17
4 30 2
96 59 47
86 6 8
94 98 17
78 34 6
16 80 14
38 49 12
22 45 20
92 11 25
44 64 13
12 36 2
40 18 34
78 28 44
92 74 27
36 100 22
90 16 44
2 67 2
52 44 35
44 95 12
62 93 23
6 25 6
16 22 3
54 100 54
10 5 10
58 30 36
90 38 72
22 66 13
28 11 16
38 10 15
84 99 10
8 84 4
10 60 8
82 31 57
42 53 42
44 69 9
14 45 4
80 15 9
80 22 34
62 20 53
98 60 2
66 74 13
66 69 26
88 74 82
28 19 18
70 86 14
10 45 6
36 70 25
20 62 1
8 58 4
34 26 12
92 25 33
44 33 17
68 4 16
16 90 11
48 16 39
60 43 39
32 81 5
50 79 18
56 32 34
20 60 2
38 90 9
34 26 34
48 9 30
52 71 32
98 91 55
72 50 28
26 69 9
74 11 17
30 95 9
4 24 4
36 28 12
40 59 23
14 58 1
4 66 3
80 82 58
70 32 4
4 92 4
38 41 25
78 31 33
72 5 21
58 27 3
58 87 51
22 42 13
30 41 8
70 22 12
10 39 8
72 6 8
4 36 2
56 7 8
10 49 1
80 89 49
54 76 12
52 81 41
68 5 49
32 44 4
94 62 20
72 3 22
80 65 29
86 36 18
76 47 37
80 17 58
66 18 31
66 37 49
94 58 32
76 10 73
54 47 19
76 71 11
18 20 10
98 7 23
24 78 18
16 57 3
96 33 31
38 68 31
56 16 17
76 26 10
44 13 9
16 98 15
66 68 47
66 56 40
84 30 4
54 56 28
96 63 34
22 1 17
54 94 19
50 13 45
24 98 2
70 87 36
86 62 14
12 2 8
60 100 5
70 76 70
28 14 11
92 10 12
38 22 10
34 62 3
64 33 56
4 32 4
64 44 23
58 1 6
16 23 2
78 10 6
56 12 35
14 63 1
68 67 13
10 80 6
70 94 11
6 90 3
84 62 25
20 88 11
68 38 65
16 35 16
80 7 53
42 54 37
42 72 31
46 10 44
26 2 9
96 12 51
94 10 73
38 73 33
4 84 3
60 82 54
94 77 88
68 27 52
16 86 3
86 88 10
16 26 3
80 22 45
84 33 81
32 1 3
52 56 20
46 3 24
22 57 14
56 71 47
34 27 26
40 21 9
44 27 7
46 87 13
8 33 6
42 18 12
88 60 79
16 89 14
90 43 80
12 42 4
58 7 4
32 19 17
68 6 31
18 43 18
30 88 27
38 29 35
56 42 16
92 67 80
88 28 85
54 99 9
60 43 47
66 67 18
2 46 2
26 9 11
74 47 5
14 58 6
10 64 1
10 4 6
60 63 21
82 100 13
18 56 17
8 92 3
76 51 5
70 73 10
68 73 36
76 18 15
28 56 20
64 69 59
88 67 44
40 33 9
58 33 45
26 12 4
44 70 35
64 10 14
72 39 38
54 77 2
40 3 17
62 22 26
66 45 7
96 49 5
4 54 3
76 35 66
58 77 46
88 95 17
26 45 11
2 8 2
98 98 59
58 43 20
60 55 55
92 35 74
58 2 52
76 88 18
34 79 4
8 63 1
54 19 31
26 12 4
62 56 26
42 52 6
68 31 23
74 53 44
44 63 19
64 39 7
20 74 11
88 10 3
90 99 4
52 43 42
58 96 58
70 77 30
20 25 4
72 83 6
14 48 1
22 42 16
16 45 15
50 83 47
92 76 78
86 21 78
62 42 18
38 96 5
40 46 20
38 73 2
58 90 45
60 21 6
20 56 18
92 96 65
22 78 3
66 45 30
74 87 74
20 78 18
84 79 2
72 39 38
12 49 7
56 57 29
8 38 4
78 19 69
84 66 53
30 48 1
22 63 8
8 7 8
86 28 63
46 4 44
38 57 30
88 51 67
58 37 25
58 71 24
86 83 4
72 87 18
44 13 32
44 64 21
84 99 34
94 26 80
20 6 6
74 34 47
82 64 16
78 60 44
26 63 6
6 17 1
98 49 56
48 19 40
98 46 37
28 43 2
38 44 19
20 81 19
16 1 2
8 65 3
98 25 8
84 7 72
36 27 23
98 57 77
42 84 24
98 32 27
38 77 3
70 79 24
64 39 13
14 22 10
98 16 91
88 15 88
46 99 25
98 98 16
66 55 7
4 49 3
48 9 3
38 69 27
88 10 60
68 53 13
78 79 47
28 53 9
22 52 5
68 75 3
36 95 13
80 58 12
6 49 4
14 26 10
80 95 18
70 47 18
96 97 25
8 41 5
2 8 1
84 45 4
2 38 1
10 60 2
46 72 14
56 15 10
38 52 23
14 55 12
2 6 2
42 40 10
44 82 29
82 84 17
72 26 8
6 90 5
90 78 27
32 5 1
60 11 28
44 54 10
40 29 27
82 30 12
50 13 5
10 88 3
26 72 26
70 78 10
70 81 35
88 84 8
28 62 8
58 68 2
32 90 22
30 90 30
40 3 7
60 20 15
34 88 7
34 51 21
80 32 31
78 64 48
32 2 27
52 29 20
26 14 8
4 82 2
76 43 50
16 4 15
62 99 51
8 30 2
84 49 1
8 58 2
80 44 41
76 52 54
12 98 3
92 24 40
60 77 25
8 1 4
82 38 14
50 36 22
30 80 22
98 84 3
22 31 16
70 86 22
10 9 10
72 66 58
20 96 4
70 63 40
84 29 2
58 27 51
90 16 89
68 58 2
54 47 22
44 96 43
78 5 21
6 87 4
70 12 50
16 22 14
8 68 7
70 12 61
98 86 44
74 61 17
72 37 4
36 26 33
80 39 38
62 94 36
76 87 47
92 2 15
92 56 11
64 22 17
70 22 21
14 75 2
84 17 5
70 26 12
54 38 22
66 48 40
36 47 22
88 22 83
92 52 54
68 4 65
60 50 34
28 93 22
84 55 34
98 80 46
78 15 36
68 34 26
42 96 12
6 68 6
28 65 15
32 9 19
42 73 1
60 90 20
94 59 77
34 21 20
10 34 2
54 73 29
88 3 2
30 16 11
94 25 40
98 78 80
94 98 37
44 27 13
68 90 64
48 50 27
90 35 47
96 33 24
22 48 11
14 25 3
22 41 20
54 27 3
82 35 23
12 10 12
34 80 4
76 82 10
20 55 18
94 87 61
2 36 2
12 7 12
74 75 16
64 79 33
8 56 3
84 8 34
88 91 3
26 80 11
22 19 22
48 26 36
86 85 13
90 3 57
26 95 1
86 23 9
80 59 52
88 94 69
20 3 17
84 37 12
52 6 49
74 61 8
80 8 64
32 91 23
26 7 3
50 46 17
30 38 19
32 34 15
4 40 2
72 83 37
52 32 16
52 6 51
8 22 4
34 63 18
8 20 4
64 55 46
10 46 4
20 21 6
2 22 2
66 58 61
46 71 12
30 67 2
40 93 11
22 56 11
74 54 2
26 70 3
78 11 25
82 5 82
2 11 1
50 68 35
16 32 8
20 99 15
28 86 1
2 13 2
60 95 21
14 4 9
58 34 8
8 17 4
82 22 25
76 21 16
52 46 18
98 100 38
72 7 43
76 53 20
52 18 43
56 58 54
46 67 9
42 37 15
90 23 74
28 97 7
12 97 9
20 64 13
98 25 55
38 49 3
22 8 8
92 41 69
66 52 61
32 71 20
52 93 49
2 92 2
90 94 81
72 2 58
52 42 33
44 53 41
68 83 3
16 8 15
96 14 81
56 32 28
54 86 27
78 63 59
26 83 11
32 11 7
36 25 31
28 55 27
20 42 9
94 78 70
22 8 6
18 10 7
74 71 40
16 44 6
24 31 9
56 89 44
18 33 7
50 16 32
4 93 2
18 4 2
20 100 18
6 79 1
100 96 62
76 76 25
92 16 5
64 28 54
8 75 1
90 27 31
36 21 35
70 10 2
68 9 62
92 26 19
8 71 1
24 86 24
14 77 12
44 13 12
76 68 9
8 30 1
38 93 15
86 39 26
14 4 4
8 15 3
26 28 24
44 48 13
84 35 60
10 20 1
40 90 9
78 32 12
32 49 2
12 90 2
92 25 39
74 91 49
54 67 21
12 6 6
74 7 53
48 57 21
52 3 10
28 22 14
44 56 41
16 86 10
34 2 32
66 73 63
28 24 21
58 72 36
12 42 7
30 45 10
18 9 10
40 16 30
68 16 26
94 76 74
80 98 2
98 80 83
100 36 99
30 62 3
2 46 1
6 35 6
14 93 13
14 60 10
52 38 16
52 55 33
80 77 17
70 37 18
96 95 66
62 41 20
90 93 49
60 68 1
36 81 35
52 58 46
22 84 2
56 40 19
50 22 18
24 57 21
54 75 7
62 29 7
70 44 21
20 82 19
80 92 32
58 25 39
56 18 2
4 43 4
46 88 11
26 87 15
12 61 1
22 66 14
92 13 36
88 9 16
66 98 29
2 2 2
54 93 12
14 19 13
42 90 37
96 61 37
56 64 54
42 71 26
68 8 8
98 13 71
6 80 5
4 66 3
62 83 25
38 93 30
46 58 7
44 53 41
26 76 26
60 68 36
34 39 13
88 100 4
26 68 13
98 98 36
60 92 2
68 38 28
38 24 29
10 9 5
8 73 6
2 64 1
80 68 39
2 71 2
12 53 8
74 59 5
42 79 38
86 28 6
38 5 7
22 19 20
14 30 3
42 59 5
46 68 2
32 43 4
12 23 4
38 84 28
100 56 86
98 68 77
10 97 8
76 37 7
68 64 53
96 27 51
66 77 35
64 32 36
38 16 37
92 64 36
98 64 81
78 32 24
82 36 9
66 48 46
86 32 23
48 64 19
58 70 20
24 31 4
84 89 56
66 32 31
64 56 34
14 93 4
56 71 35
52 87 6
44 26 36
20 48 15
6 36 5
88 40 25
66 47 17
68 15 57
96 53 76
72 53 6
22 65 14
78 7 40
92 42 5
96 44 74
16 43 12
90 73 1
8 49 8
70 100 11
94 96 53
78 25 39
34 92 25
100 30 42
74 71 74
2 57 2
84 13 7
74 45 54
12 90 9
42 18 18
6 62 5
56 40 6
60 76 25
18 83 7
8 92 1
74 93 18
96 45 17
26 66 12
62 2 40
32 37 18
94 29 22
8 93 1
18 45 10
88 22 14
24 16 24
30 36 9
2 76 1
52 65 25
32 1 4
66 100 62
76 58 57
84 82 51
92 7 60
28 86 6
56 94 28
52 31 14
62 74 33
6 9 6
68 20 29
52 61 35
82 19 13
60 61 54
22 30 10
94 70 66
96 90 49
14 89 10
12 17 1
46 12 21
36 66 25
58 1 25
22 91 4
16 44 15
8 70 2
94 16 41
46 14 31
4 6 4
24 38 19
32 5 21
20 75 2
22 30 1
72 83 14
2 30 2
82 80 74
16 13 13
58 45 30
14 55 7
20 67 9
90 93 85
2 56 2
4 48 2
100 28 16
100 72 26
84 68 13
58 89 14
12 45 6
24 54 13
88 85 17
60 97 4
62 18 12
6 71 1
62 49 25
12 65 5
18 18 17
96 29 50
82 65 69
90 76 35
30 70 14
50 39 7
22 24 2
44 19 16
44 86 12
56 76 38
96 100 91
68 100 2
88 47 8
98 43 59
40 49 40
12 82 9
78 10 8
46 70 37
4 80 3
40 75 28
76 48 65
72 83 20
30 52 2
10 95 1
18 7 6
48 35 13
6 5 2
38 31 23
70 22 9
52 16 35
76 72 38
34 57 18
84 85 2
24 50 19
66 97 36
8 87 4
54 44 25
56 38 28
4 76 3
42 78 2
96 23 95
68 53 8
82 30 1
26 85 5
28 49 9
18 53 7
52 11 12
72 66 58
70 35 21
76 8 76
52 1 7
10 95 4
98 69 47
88 14 75
2 29 1
94 1 46
90 57 28
12 42 4
48 32 3
34 62 30
24 25 18
70 9 2
66 44 13
8 3 2
12 24 1
96 87 47
12 73 10
12 81 10
60 51 45
66 65 61
30 92 27
62 68 13
8 59 3
16 9 11
96 95 70
4 11 2
34 57 21
30 89 2
42 45 32
2 77 2
72 80 28
4 12 4
74 26 57
88 75 43
86 85 74
26 56 26
92 54 51
12 27 6
36 74 35
6 12 5
74 67 15
22 65 22
